325.0 -85.0 0.04415458795910832 0.645404300262383
355.0 -85.0 -0.006502320917619133 0.9459994386760535
295.0 -85.0 0.015052876002556387 0.8753981409404517
255.0 -85.0 -0.07839277079660095 0.41345468238418015
115.0 -85.0 -0.1767791726996592 0.06344686003587133
305.0 -75.0 -0.0329391414438083 0.7314479360675872
235.0 -75.0 0.06153134304516471 0.5211701100568719
225.0 -75.0 0.12932872679912627 0.1761108064942923
15.0 -85.0 0.022985897372167288 0.8107475922762267
45.0 -85.0 -0.14733947420302465 0.12278697698807778
105.0 -75.0 0.20989396563452972 0.027033861828298464
185.0 -75.0 0.2426981615098553 0.010272109775742678
195.0 -75.0 0.3625243639365086 9.226928986813269e-05
85.0 -85.0 0.18193196984998197 0.05599746175641552
245.0 -65.0 -0.0021472377496890714 0.9821556118242805
145.0 -55.0 0.36410785356420483 8.550536022660452e-05
325.0 -65.0 0.26347123713713444 0.005206629405282322
305.0 -65.0 0.025395809438046476 0.7913366340598388
15.0 -65.0 0.49201689854529485 4.151497309159091e-08
205.0 25.0 -0.11179492706381904 0.2427399823214287
305.0 -45.0 0.08643631332666876 0.36703346310927976
95.0 -25.0 0.03702924273138707 0.6996126500583257
115.0 -15.0 -0.05199379069205271 0.5878499373064515
195.0 -85.0 -0.05631492536489246 0.557160464637251
245.0 -85.0 -0.07503163263882992 0.4338251206864264
285.0 -75.0 -0.24746471938260262 0.008830443014732786
25.0 -85.0 -0.14590948863778117 0.12650257341115898
165.0 -75.0 -0.13712587130468337 0.1512456714483308
175.0 -75.0 -0.1079839962018579 0.25927530796070725
235.0 -65.0 0.10421559901201027 0.2763667412638459
255.0 -65.0 0.004023447607328489 0.9665704735431593
145.0 -65.0 -0.18926111399725837 0.046653078414890845
155.0 -65.0 0.33878867407391033 0.0002756941260634259
105.0 -65.0 0.13300922624803402 0.164023028978046
295.0 -65.0 0.16415877998048006 0.08513441384496102
95.0 -55.0 -0.07809663641281596 0.4152266679875477
355.0 25.0 -0.007337834002499301 0.9390732157323567
345.0 25.0 -0.10122209937695385 0.2904720431238435
255.0 25.0 0.005560214841582256 0.9538140992899917
235.0 25.0 0.0910909633945988 0.3416969994279919
275.0 25.0 -0.1949990273143381 0.04027494716072638
185.0 25.0 -0.013804719391367739 0.885656682319677
55.0 25.0 0.024780345234585763 0.7962823653920996
85.0 25.0 0.5583308201241349 1.9267669567802985e-10
165.0 45.0 0.5641347547081587 1.1362377010096268e-10
105.0 -15.0 -0.009134276960187444 0.9241971415357482
325.0 35.0 0.01115724586143659 0.9074767371439671
235.0 35.0 0.015149300956652631 0.8746064648391199
275.0 35.0 -0.01179708907652295 0.9021963080526624
315.0 55.0 -0.16191160734730206 0.0895538339325018
85.0 -15.0 0.11228394433239827 0.2406723491822401
75.0 -15.0 -0.04709101948839825 0.6235743928065927
145.0 65.0 -0.3109187396268056 0.0008957614896443007
125.0 65.0 -0.03969467283151372 0.6791390358728504
185.0 75.0 -0.060356995572119994 0.5291683278419321
225.0 75.0 -0.0179398637834011 0.8517518645359639
275.0 75.0 0.06314651493323303 0.5102706865206064
255.0 65.0 -0.13229571020857606 0.16631689143125375
5.0 -75.0 -0.21492642688717775 0.02349431118129613
65.0 -75.0 0.11303975047988676 0.23750081888301164
5.0 75.0 0.27512599828150086 0.003473019904143176
285.0 -85.0 -0.18413428222110045 0.05304057853647015
35.0 75.0 -0.06625654279312154 0.4896197631774375
215.0 -85.0 0.05892674993238681 0.5389918778015544
225.0 -85.0 -0.16563976640605207 0.0823181464660553
45.0 -15.0 -0.33133399170674904 0.00038203571670117586
295.0 -75.0 0.22856978205926826 0.015825926914269612
245.0 -75.0 0.14949523084533642 0.11734521028458118
255.0 -75.0 0.0833499579068719 0.3844532639861119
145.0 -75.0 -0.010958791764182551 0.9091153483334335
155.0 -75.0 0.03535831671442111 0.7125591551649503
125.0 5.0 0.08177407668896976 0.3935368577816196
135.0 -55.0 0.15917671149944532 0.09517606982388893
55.0 -65.0 0.3221838360193603 0.0005638714787518559
65.0 -65.0 0.3417463824209263 0.00024167036554144527
135.0 -65.0 -0.18382815944170733 0.053443721556528385
85.0 -65.0 0.38530924237737313 2.9674233068205778e-05
215.0 -65.0 0.5222021220601442 4.150127003281039e-09
335.0 -65.0 -0.2082329281831163 0.028297615379276324
315.0 -65.0 0.20703855470298582 0.029237041980052773
55.0 -55.0 0.3019644115650732 0.0012778279957885918
155.0 -55.0 -0.10535018709849348 0.27114301822031484
335.0 25.0 -0.005159212846976484 0.9571417366767536
265.0 25.0 0.1324168137545192 0.16592589203000338
315.0 25.0 -0.013171019088050665 0.8908723880002798
125.0 25.0 0.027864432047537805 0.7715843224167213
135.0 25.0 0.04592971645731189 0.6321701586827522
195.0 25.0 0.06696748856317791 0.48496210682931096
315.0 -75.0 -0.18115369607475765 0.05707423204628183
325.0 15.0 0.020227730161088083 0.8331046183487563
315.0 15.0 -0.042861676717304516 0.655113853886225
215.0 35.0 0.20482459702178718 0.03104848418060126
205.0 35.0 0.2545944439208498 0.007006373523894317
335.0 35.0 0.051879986780980714 0.5886685064257589
35.0 25.0 0.08860256985951803 0.3551015484204114
115.0 85.0 -0.11025784864157327 0.24931903310841202
345.0 75.0 0.0723499315173748 0.45048014970803285
215.0 25.0 -0.05127989577716887 0.5929934020615109
315.0 -45.0 0.07959650067083447 0.4062974909222089
195.0 -55.0 -0.15730934054538767 0.09917250619524103
205.0 45.0 -0.06792663361718904 0.4787161052801443
225.0 45.0 0.0025607530459705393 0.9787198762363991
135.0 45.0 0.17597368171502448 0.06468120868222862
195.0 45.0 0.22025568344345128 0.02018602189336907
355.0 55.0 -0.17621322262335015 0.06431210721486443
5.0 65.0 0.041270097474982656 0.6671456449643649
255.0 -45.0 0.0952151667080561 0.3201941848031144
275.0 -55.0 -0.095452935478172 0.3189817019399713
235.0 -45.0 -0.03204278647665822 0.7384882959644045
285.0 -55.0 -0.2666763800777223 0.0046660107448967475
85.0 -25.0 0.057546585174703194 0.5485561289345795
95.0 -15.0 0.10782063277856015 0.2600009204936425
285.0 35.0 -0.14168498488240008 0.13798408625252098
305.0 35.0 0.02104651515327751 0.826452985145427
255.0 35.0 -0.13890641758626174 0.14595682207470176
325.0 55.0 -0.0729085108097838 0.4469818744620393
125.0 -25.0 0.09341686326579864 0.32946056394686063
95.0 65.0 0.003939176300027242 0.9672702650386148
245.0 75.0 0.07392671554969533 0.4406444321851791
285.0 45.0 -0.047303318682605504 0.622008396707787
165.0 65.0 -0.06862300223939093 0.47420861226319266
195.0 55.0 -0.08471099634034868 0.37671076216250754
355.0 45.0 -0.04518853313306888 0.6376821062686316
205.0 55.0 -0.33923873301829327 0.00027024624930365555
105.0 -35.0 0.0017495208763406685 0.9854603932651176
15.0 75.0 0.046022315341693376 0.631482935960807
255.0 85.0 -0.005314079311888397 0.9558565168641417
55.0 75.0 -0.152176845815936 0.11083878933830771
155.0 -85.0 0.11540749864464542 0.22775412379575288
175.0 -85.0 -0.08401971062631418 0.3806313355653681
85.0 -35.0 -0.19503149289190916 0.04024104720301433
65.0 -15.0 0.11605928496811338 0.22512113841592604
275.0 -75.0 0.20529695270286877 0.030654233957555534
55.0 -85.0 -0.10963571117055977 0.2520165479220548
145.0 85.0 -0.12141746185016168 0.2042863465715909
175.0 85.0 0.2739947352069391 0.0036149882258848325
155.0 85.0 0.1935477047200939 0.041814972573583714
325.0 75.0 -0.18901184388025047 0.04694815122535677
125.0 -65.0 0.16542741015687493 0.08271733030166332
345.0 -65.0 0.31080662487127286 0.0008998164731395925
105.0 -55.0 0.3114387702671741 0.0008771704573718983
35.0 -65.0 0.47665254877883 1.2340331687753587e-07
215.0 15.0 0.24621559077754207 0.0091898800010452
255.0 15.0 0.29523694749040014 0.0016566998692424868
245.0 15.0 -0.2994959588456045 0.0014065688848614105
305.0 25.0 0.18236411819629944 0.0554068089464608
325.0 25.0 -0.07210594197250282 0.45201299496096004
295.0 25.0 -0.06215702064558439 0.5169339634759871
115.0 25.0 0.1614575745266968 0.09046850299038776
165.0 25.0 -0.07644013643286869 0.42521999431565605
175.0 25.0 0.13099541473983778 0.17055820952536394
155.0 25.0 0.00021253108030811505 0.9982336395333602
275.0 15.0 0.16721934010673675 0.07939701516423137
295.0 15.0 0.2591656591538902 0.006020459262995583
25.0 25.0 0.03982344369797654 0.678155666523613
355.0 15.0 0.016628037547322873 0.8624815811005349
335.0 75.0 0.15423976133089642 0.10602746822202452
5.0 85.0 -0.01653162685647273 0.8632711581465935
95.0 85.0 0.16496581308713285 0.08359036975575765
105.0 45.0 -0.17131823322106152 0.0722033468762017
95.0 45.0 0.0015254256876716377 0.9873225977635192
125.0 45.0 -0.16238975301643238 0.08859854296277826
85.0 45.0 -0.11777779818545922 0.21828195855540905
5.0 45.0 0.02648494105921606 0.7826050011887667
25.0 45.0 -0.10464639395001522 0.2743754184845239
345.0 55.0 0.06256539384443285 0.5141785929034022
245.0 -45.0 0.11818547188955869 0.21668137627858464
215.0 -55.0 0.1605388786540723 0.09234191928149864
115.0 -45.0 0.19631906193310436 0.03891570482709334
175.0 -45.0 -0.3109708349836256 0.0008938829863074995
215.0 -45.0 0.030917471904506225 0.7473576492797073
295.0 -55.0 0.05846604504448131 0.5421752809648077
25.0 -45.0 -0.1540218413957108 0.10652787169829202
15.0 -45.0 -0.13280858312856944 0.16466568179456875
295.0 35.0 0.12647447799948666 0.18592658150769795
245.0 35.0 -0.005377403168028334 0.9553310315368013
265.0 35.0 0.030410071713640956 0.7513677036818602
335.0 -15.0 0.21376811694748732 0.024271768611511757
35.0 -15.0 -0.17316919844794743 0.06913211932972423
345.0 35.0 -0.022535609160533245 0.8143876436632045
295.0 -25.0 0.11894435652262166 0.21372411139570038
315.0 -25.0 0.21131902693206642 0.025988246252365257
145.0 -25.0 0.28157763472091374 0.0027548598425259523
165.0 -25.0 0.27396540158485033 0.0036187377048163996
135.0 65.0 0.26267864898773424 0.005348639567796157
285.0 85.0 0.07761664166132899 0.4181082027880143
105.0 75.0 -0.06880015532944649 0.47306560667187236
165.0 75.0 -0.0758797891740938 0.42863154951461235
215.0 75.0 -0.026535515461265133 0.7822001895009093
205.0 75.0 0.10484779299477906 0.27344778771436684
255.0 45.0 0.07908000589461864 0.4093595124210926
175.0 65.0 0.14719817293068854 0.12315033998402741
155.0 55.0 0.060468814584399774 0.5284041095678487
305.0 45.0 0.1304653469084449 0.17230992970706543
25.0 -35.0 -0.1391721984352032 0.14517948394761185
165.0 -35.0 -0.009100306369031856 0.9244782208394585
315.0 45.0 0.12082928913898401 0.206503333774758
265.0 55.0 -0.034386470640074704 0.7201271446459845
15.0 -75.0 -0.09376384705169928 0.32765940087257917
145.0 -15.0 0.14743356915020825 0.12254546581312102
335.0 65.0 -0.125775691589648 0.1883893484028673
315.0 65.0 0.06580276506974199 0.492604988756001
345.0 65.0 -0.03395766481025694 0.7234750242053809
65.0 -35.0 0.12196842049376407 0.20222516694317996
135.0 -15.0 0.2839916621932685 0.002522598307343183
35.0 -35.0 -0.2231031900933259 0.018588713836085204
255.0 -35.0 0.2542267687129365 0.007091562482934701
205.0 -85.0 -0.1293337167977004 0.17609398622161573
315.0 -35.0 0.09329325195991317 0.3301037448142121
45.0 -35.0 -0.23829355408391423 0.01178390826454192
55.0 -35.0 -0.026831928439876224 0.7798287897605514
325.0 -45.0 0.10672764649473931 0.26489129990576893
205.0 -35.0 -0.03544105726343375 0.7119161106859415
185.0 -35.0 -0.011552969015188637 0.9042104651147594
15.0 -25.0 -0.025448772340163735 0.7909114199233894
335.0 -45.0 0.011918399131692363 0.90119564738292
345.0 -35.0 0.07531255756337954 0.43210095457328235
265.0 -15.0 -0.1798133513408931 0.058968430596204637
295.0 -35.0 0.042984524741795684 0.6541887758554886
45.0 -25.0 0.19557074843639635 0.039681447599885226
65.0 -25.0 -0.03975710122165317 0.678662228937327
235.0 85.0 0.10938501629109927 0.2531091831045665
55.0 -15.0 0.011425736540345285 0.9052604616562671
205.0 -75.0 0.059869302230145804 0.5325078998860285
305.0 75.0 -0.1290901877580156 0.1769162517975348
35.0 15.0 -0.04925439434783768 0.6076962138028443
295.0 5.0 0.017024047337473865 0.8592397990832583
285.0 5.0 0.31730781454546075 0.000690469056467203
5.0 15.0 -0.1328893256013607 0.16440684204750097
115.0 -65.0 0.14899129507644007 0.11860026328215645
285.0 -65.0 0.11664948522694937 0.22275550128323773
25.0 -55.0 0.25010128889436456 0.008112179068737634
325.0 -5.0 0.06836481731722384 0.47587711783079245
295.0 -5.0 0.1622886196328752 0.08879991980765682
85.0 5.0 0.25171676160703516 0.007698022021994801
245.0 25.0 0.2170778963927366 0.022106711500560153
285.0 25.0 -0.03283056101374218 0.7322996010707733
305.0 15.0 0.3237693674886077 0.0005275443854916007
345.0 15.0 0.1238933213155593 0.195141366332062
105.0 25.0 0.1706681233477924 0.0733078397817774
95.0 25.0 -0.2204734859872425 0.020059806483227156
45.0 25.0 0.15547406369176905 0.10322778340968168
75.0 25.0 0.025560223213293175 0.7900168340379408
175.0 35.0 0.14977716214853146 0.11664755853738608
115.0 35.0 -0.07561316178134313 0.43026035031603227
175.0 -55.0 -0.06409226282186946 0.5039436574900731
185.0 45.0 0.1483229162358227 0.12028084375761186
175.0 45.0 0.22114444892101576 0.01967524710929407
215.0 45.0 -0.013836251696466463 0.8853972795809248
155.0 45.0 0.5687183646781132 7.433113849516824e-11
45.0 45.0 -0.02654346709649989 0.782136547672923
15.0 45.0 0.09007949351188602 0.3471066142309598
335.0 55.0 -0.04452116658157118 0.6426620743650014
125.0 -45.0 0.0977061198925447 0.30763911407032946
75.0 -45.0 -0.3913045301757693 2.1704716704766882e-05
225.0 -55.0 0.1994246158513057 0.03586882458664556
285.0 -45.0 0.20363830821563286 0.03205758181328311
95.0 -45.0 -0.195023689717336 0.04024919295474329
275.0 -45.0 -0.002837116787146589 0.9764238919936924
295.0 -45.0 0.15648344319890714 0.10098163803417727
55.0 -45.0 0.07162850412578757 0.45502085598470454
185.0 -45.0 -0.1484807060907969 0.11988244647567917
45.0 -45.0 0.3059167559562548 0.0010938758206736339
35.0 -45.0 0.18863505656109905 0.04739711001896701
195.0 -45.0 0.06025690005874942 0.5298528928037183
225.0 35.0 0.031108701771407097 0.7458480743117547
355.0 -25.0 -0.029789908713087544 0.756277935154934
235.0 -25.0 0.19100460540906675 0.04463197517522035
305.0 -25.0 0.08900175676288237 0.35292943741560934
285.0 -25.0 -0.031195840486619608 0.7451605169539599
335.0 -25.0 0.038734402891463654 0.6864891084911611
325.0 -25.0 -0.03527706808245634 0.7131908008988059
195.0 -25.0 0.36628866800008664 7.694391384470585e-05
115.0 -25.0 0.027127136048499173 0.7774690397150021
215.0 -25.0 -0.00988726757290635 0.9179692086934488
205.0 -25.0 0.0812905286719909 0.39634958516939645
255.0 75.0 0.05917671396760879 0.5372685376222481
125.0 55.0 0.0010441803528445427 0.9913219068166357
165.0 55.0 0.20258446988719847 0.032977129206902184
225.0 55.0 0.11219317060075847 0.2410552254780191
55.0 55.0 0.17236122979395718 0.07045947525309668
215.0 85.0 -0.02025808463247174 0.8328578116581313
85.0 -75.0 -0.10058145985263359 0.29355169489330124
245.0 -35.0 0.16412570151645414 0.08519818266444931
145.0 -35.0 0.26037692228144654 0.005780797288346615
335.0 -35.0 0.15563111361510135 0.10287575367282942
305.0 -35.0 -0.10755017429888354 0.2612052626296944
195.0 -15.0 -0.05609387042357707 0.558711580225214
285.0 -35.0 0.08120223405041578 0.3968644710902324
25.0 75.0 -0.0005249190421728109 0.9956373795598475
65.0 75.0 0.09267650722416522 0.33332479177670227
265.0 -85.0 0.18903553191221045 0.04692004416824017
15.0 -35.0 -0.2608868466270696 0.005682466760956206
275.0 -35.0 0.1799502215124685 0.05877267409868167
175.0 -35.0 0.12004026507850657 0.2095043673072058
75.0 -35.0 -0.19515149111683225 0.04011595431110473
265.0 -35.0 0.20917714355788017 0.027573217174724204
95.0 -85.0 0.03885537857345836 0.6855615108575863
225.0 -35.0 0.10583055670965652 0.2689515961924818
225.0 -15.0 0.30424003989121357 0.0011687443922475842
355.0 -35.0 0.15831353943486856 0.09700727557279948
255.0 -15.0 0.008891971596788648 0.9262022255106712
295.0 -15.0 0.18313234834288586 0.05436944987323802
55.0 -25.0 0.10774297414750587 0.26034634305654286
35.0 -25.0 -0.0908767478314889 0.34283821841294493
135.0 -35.0 -0.02569029479021201 0.7889731298953941
165.0 -85.0 -0.06204031036582682 0.5177228131271189
65.0 65.0 0.007222322674556002 0.940030520723317
305.0 -85.0 -0.09064912726574335 0.3440534810189002
25.0 15.0 -0.19264327026450762 0.04279931785259593
15.0 15.0 -0.2792004672037731 0.003002223701426926
325.0 5.0 0.0902286668508622 0.34630543378781753
335.0 5.0 0.06795109997141383 0.47855734794128035
155.0 5.0 0.22655348265991845 0.016800431148908355
5.0 -55.0 -0.1749997823128264 0.06619965205786929
15.0 -55.0 -0.034554816840649503 0.7188142315844366
75.0 -55.0 0.06503160301849605 0.49770014955932473
125.0 -55.0 0.28921886124200624 0.0020791075211528637
165.0 -55.0 -0.07762168973493185 0.41807783757761685
305.0 -5.0 0.12425838033105084 0.19381841527041432
345.0 -5.0 -0.03976661181088465 0.6785896013992803
5.0 -5.0 0.2200061595265439 0.02033145897979273
355.0 -15.0 0.09069994424383467 0.34378193512004984
15.0 -5.0 -0.10065320693556032 0.2932057255834577
355.0 -5.0 -0.02510890493446587 0.7936411162308539
145.0 25.0 -0.1278140067870539 0.18127138875642454
285.0 15.0 0.36865151981095695 6.857387893857306e-05
65.0 25.0 -0.0005137393438918009 0.9957302935374397
15.0 35.0 -0.005158155861996282 0.957150508860501
45.0 35.0 0.2275586721065592 0.016308303078136337
65.0 35.0 0.16953474251801826 0.07526593896916751
75.0 35.0 0.09303666565871146 0.3314413854355718
145.0 35.0 0.08490642096736603 0.37560689643737566
195.0 35.0 0.236925335596876 0.012291544991939839
135.0 35.0 0.2530930920990818 0.007360032581913194
225.0 15.0 0.10563960380006589 0.2698212735308705
55.0 85.0 0.03511816756703982 0.7144266907337963
185.0 -55.0 -0.1341117609356578 0.16052487126648946
145.0 45.0 0.12294769846437142 0.19859858417657886
65.0 45.0 0.08248841327708696 0.38940354911643005
55.0 15.0 -0.19814659398460396 0.03709749530645859
15.0 65.0 0.19110624814207092 0.04451643098281936
135.0 -45.0 0.09418158063011291 0.3254993591623794
235.0 -55.0 0.2889775871415643 0.0020979129867028353
85.0 -45.0 -0.34977632764657357 0.00016789279381180201
105.0 -45.0 0.04695707502823651 0.6245632804928323
265.0 -45.0 0.3260320264823618 0.0004794183096852274
165.0 -45.0 0.010503867826497577 0.9128730277683954
145.0 -45.0 0.06077760417396541 0.5262965943599798
5.0 -45.0 -0.06764709937679136 0.4805319597740054
265.0 -55.0 0.14316925969475286 0.13386309037196448
305.0 -55.0 0.08668256701141068 0.3656647978518175
345.0 -25.0 0.2377297030249289 0.011990843393003965
345.0 -15.0 0.026231007186347917 0.7846384346610159
255.0 -25.0 0.1800976778335292 0.05856237268918196
225.0 -25.0 -0.04979676849005294 0.6037434945779481
245.0 -25.0 0.2566816295442496 0.006539738257544685
185.0 -25.0 0.260889161021366 0.005682023880556284
155.0 -25.0 0.20807469037010087 0.028420583171463506
135.0 -25.0 0.14190711514101173 0.13736129285898355
175.0 -25.0 0.16001438694354259 0.09342516829659184
135.0 75.0 -0.11206240566773924 0.2416075246637595
275.0 45.0 -0.1118148303893972 0.24265558859226752
195.0 65.0 0.17660219941714933 0.06371639866601288
295.0 65.0 0.011036588134291604 0.9084729473993334
325.0 45.0 0.07412033316166994 0.43944510534652736
345.0 45.0 0.0670367361560565 0.4845097098610357
335.0 45.0 0.08510975159287276 0.3744604669047179
295.0 55.0 0.05064534762810909 0.5975821870088873
5.0 -35.0 0.07275473041771709 0.44794344835038524
165.0 -15.0 0.2921170963716275 0.0018648309892233751
155.0 -15.0 0.3796524278472936 3.9640278937803255e-05
175.0 -15.0 0.1953953500339624 0.03986274405719012
185.0 -15.0 0.0027908576641355464 0.976808192221059
345.0 -45.0 -0.049690672443057735 0.6045158055774382
155.0 -35.0 0.24394311590750917 0.009876913585518121
195.0 -35.0 -0.06115839159830945 0.5237035322687016
75.0 -25.0 -0.06345791640527453 0.5081829046624025
215.0 -35.0 -0.03481419619732424 0.7167929633726442
325.0 -35.0 0.07133293681937244 0.45688848836233575
275.0 -15.0 0.018151834168514056 0.8500205951524207
355.0 -45.0 -0.052828775590246436 0.5818599964395679
115.0 -35.0 0.08315776706044448 0.38555425644297114
315.0 -15.0 0.03306750531638605 0.7304415178693336
285.0 -15.0 0.07995149773040568 0.40420074422879027
95.0 -35.0 -0.062298735514815504 0.5159769328479648
125.0 -35.0 0.016489172668663853 0.8636188890330532
325.0 -15.0 0.239710310881462 0.011277680566125978
145.0 -85.0 0.18150668905184358 0.056583766955518915
135.0 -75.0 0.11134087918413753 0.24467075771145705
195.0 85.0 -0.20033757856853465 0.03501222540449756
275.0 5.0 0.37588715594610805 4.792572068115685e-05
355.0 5.0 -0.2559553485458992 0.006698889214557096
65.0 -55.0 0.5815165726409166 2.194326889392865e-11
115.0 -55.0 0.2591797087402749 0.006017629547209928
55.0 -5.0 0.44453529093975974 1.0200518106808138e-06
65.0 5.0 0.4395035688314414 1.3932504443089784e-06
335.0 -5.0 -0.019828520531232373 0.83635202009536
5.0 5.0 -0.1747424654852671 0.06660564508052004
25.0 5.0 -0.20412837977258988 0.03163739911331863
45.0 5.0 0.33716579030096017 0.0002961927669391484
35.0 5.0 0.07858347909723337 0.41231587820413573
55.0 5.0 0.3169739561909514 0.000700024719667714
185.0 -5.0 0.13212204369035008 0.16687878942824735
215.0 -5.0 -0.04077345005554691 0.6709176561569161
125.0 -5.0 0.16398512233839202 0.08546961685834864
265.0 15.0 0.5259218193909015 3.0756864898664852e-09
5.0 25.0 0.028880962522425165 0.7634921698018668
25.0 35.0 0.08678186624852838 0.36511378781390735
35.0 35.0 0.11493099827477371 0.2296926593550456
55.0 35.0 -0.05469756183698439 0.5685568202122466
155.0 35.0 0.17371612265250566 0.0682451661142122
165.0 35.0 0.05719292814160906 0.5510201303972229
125.0 35.0 0.3127406862984602 0.0008321636794839046
105.0 35.0 -0.048724193765004635 0.6115711783835902
185.0 35.0 0.31506146683053504 0.0007571387252541897
235.0 15.0 -0.06806390199341315 0.4778257649094002
115.0 45.0 -0.2508468126303099 0.007918666921640526
355.0 -55.0 -0.12439778830447962 0.19331492675314238
255.0 -55.0 0.14781929821345233 0.12155924856215933
205.0 -45.0 0.0421146115582769 0.6607506531873858
345.0 -55.0 0.10981642541374685 0.2512309326048343
65.0 -45.0 0.09107571418483679 0.3417781592261675
15.0 -15.0 -0.076113299036143 0.42720797018238144
275.0 -25.0 -0.04015571834789969 0.6756207230332513
105.0 -25.0 0.02522847465694586 0.7926804878537579
265.0 45.0 -0.04311497343659867 0.6532070358931761
95.0 55.0 -0.035810305621316936 0.7090488475519292
205.0 65.0 0.16119799688543096 0.09099475419486606
145.0 55.0 0.3658465456275472 7.861218347546597e-05
225.0 65.0 0.036200133181819964 0.706026189586643
215.0 55.0 0.20009239932069345 0.03524055897656046
245.0 55.0 -0.0019127763048424362 0.9841038085888709
205.0 85.0 -0.025143405805958224 0.7933639029605708
355.0 65.0 0.059159422741659216 0.5373876614595479
235.0 -15.0 0.16915686928423687 0.07592805861917795
35.0 -85.0 -0.2899760252962864 0.002021078265755497
185.0 85.0 0.0037062242182304673 0.969204833905394
45.0 15.0 -0.00592783688629641 0.9507641550087462
265.0 5.0 0.010349994887622735 0.9141444599468844
305.0 5.0 0.1129695893101612 0.2377939987705578
235.0 5.0 0.033082354854070836 0.7303251217308921
355.0 -65.0 0.5640032033038292 1.1500509809263157e-10
175.0 -65.0 0.161278745381638 0.0908307903542249
335.0 -75.0 -0.20792375547085512 0.02853829852954825
65.0 -5.0 0.30532806955570146 0.0011196485008403683
265.0 -5.0 -0.03861862020918404 0.6873773244407996
275.0 -5.0 -0.1771212693786874 0.06292846454381124
195.0 -5.0 0.05242163686406467 0.5847771785345941
105.0 5.0 0.03901261461552171 0.6843565802597977
5.0 35.0 0.028369778275300437 0.767558359145103
85.0 35.0 0.1321676302676381 0.16673115805327365
195.0 15.0 0.021324184932731898 0.8242000163968239
135.0 15.0 0.15621258901628768 0.10158055860326198
315.0 35.0 -0.08237045990980604 0.3900842520925769
25.0 -15.0 -0.0739340069585784 0.4405992334581701
265.0 -25.0 0.15691587912871297 0.10003117798315009
185.0 65.0 0.07528827990476816 0.4322498030847426
85.0 55.0 -0.0816332820287814 0.3943546067331709
235.0 55.0 0.3748186435913373 5.055655419744359e-05
255.0 55.0 -0.04726153057217865 0.6223165079576078
285.0 55.0 0.03079641434057772 0.7483137763369323
335.0 -85.0 -0.06010693746192068 0.5308793345107006
235.0 -35.0 -0.015888588894480037 0.8685408707054465
245.0 -15.0 -0.01574934114090421 0.8696827768571754
135.0 -85.0 -0.02679082200884913 0.780157534414483
125.0 -75.0 0.16482243763219584 0.08386303500848422
225.0 5.0 0.07482779729121822 0.43507860374269003
165.0 5.0 0.24045853076584855 0.011018094844717418
25.0 -65.0 0.0738433687970881 0.4411612767210039
355.0 -75.0 -0.045531155148884145 0.635131653952715
315.0 -5.0 0.3713547966836384 6.0042658104354824e-05
95.0 -5.0 -0.09508395760997804 0.32086454580852053
105.0 -5.0 0.02762238603742977 0.773514798647784
255.0 -5.0 -0.11363096130774455 0.23504034729021867
15.0 5.0 0.14514197771949897 0.1285321180224612
25.0 -5.0 -0.08682039148138647 0.36490014961290174
155.0 -5.0 -0.023130957167320804 0.8095758090940344
145.0 -5.0 -0.14710683373639258 0.12338566338775332
95.0 35.0 -0.33866214705674813 0.00027724388701369984
105.0 85.0 0.06669155039145482 0.4867670594767066
5.0 -15.0 0.3646797220114596 8.317831276426339e-05
305.0 85.0 -0.06527900484643762 0.4960625277408873
295.0 45.0 -0.14827843933440846 0.12039332617331638
115.0 55.0 -0.22547353610913354 0.017343434615242688
125.0 -85.0 -0.0610827648473351 0.5242180158068499
315.0 5.0 -0.07072337169466532 0.46075359088479106
195.0 5.0 0.11742170678772385 0.2196868619391843
205.0 5.0 0.07171793213773868 0.4544566144198282
115.0 5.0 0.20482544440428174 0.031047773090996208
35.0 -5.0 0.06782171116350935 0.47939724792839356
115.0 -5.0 0.2252681827337493 0.01744838722464864
95.0 5.0 0.12311980432881317 0.19796609624922365
245.0 -5.0 -0.1287051490594836 0.1782220696067327
45.0 -5.0 0.2344187796637204 0.013271237529238282
135.0 -5.0 0.2943596874811361 0.001712982927267561
75.0 15.0 -0.017070539194424413 0.8588593637139789
115.0 15.0 0.13653056374117245 0.1530456842167274
105.0 15.0 0.37082512980207427 6.163187995479857e-05
325.0 -55.0 0.15514427441650916 0.1039700845255379
245.0 45.0 -0.1848658334310782 0.052087316098227136
45.0 55.0 -0.03256257951248689 0.7344029395247036
345.0 5.0 0.005172987380916224 0.9570274188293509
175.0 5.0 0.1505324187788417 0.11479447077720692
75.0 -5.0 0.23513483682757572 0.012984649690593694
85.0 -5.0 0.0848766668717218 0.3757748366682252
205.0 -5.0 0.01102900237531869 0.9085355839609265
15.0 25.0 -0.02484379073416384 0.7957721548466352
335.0 15.0 0.19061921630445824 0.04507234181213373
175.0 15.0 0.059560571604742304 0.5346274152063225
125.0 15.0 0.2191396941879402 0.02084350673468775
205.0 -15.0 0.13071477795064865 0.1714839864708969
255.0 5.0 -0.11360738056248985 0.2351381423925281
245.0 5.0 0.029457703269409177 0.7589122320114725
135.0 5.0 0.0837235536520923 0.38231850166881987
85.0 -55.0 0.48452045885161854 7.111225511636993e-08
235.0 -5.0 -0.1246093983371009 0.19255248341091677
75.0 5.0 0.5222179299810648 4.144877681843575e-09
165.0 -5.0 0.17559787737480412 0.06526374646018876
35.0 55.0 0.16540248237194546 0.08276429044339033
145.0 5.0 -0.019480439217775355 0.8391857629186077
215.0 5.0 0.02004899943895316 0.8345581735654057
165.0 15.0 0.18132048702436676 0.056842051959863193
95.0 15.0 0.03775260858282991 0.6940342768293277
105.0 55.0 -0.041624033824347116 0.6644625635984958
185.0 5.0 0.1925920836795508 0.042855599788186594
185.0 15.0 0.11607836359645159 0.22504439187609998
205.0 15.0 -0.04211318641518353 0.6607614245442366
65.0 15.0 0.12879765252112801 0.1779077102626349
145.0 15.0 0.16599341420882302 0.0816567849801053
225.0 -5.0 -0.06349397029402608 0.5079414681923375
85.0 15.0 -0.08467338182665662 0.376923455867172
175.0 -5.0 0.141502976177411 0.13849598749543576
155.0 15.0 0.2841808239359369 0.0025051670638267585
