55.0 -35.0 -0.17775796015409734 0.4407783524905048
75.0 -35.0 -0.08543292258955706 0.712720974362322
185.0 15.0 0.2632082117440286 0.24899905094698868
285.0 -75.0 -0.12909726503161117 0.5770388878860431
55.0 -65.0 0.007187759131775752 0.9753319377456466
115.0 -85.0 0.040531408574236885 0.8615228569919798
85.0 -55.0 -0.14947360244945387 0.5178392497911251
355.0 -65.0 0.3684312636383478 0.10030335170196857
295.0 -65.0 0.2020002798727137 0.379888541527423
105.0 -65.0 -0.09819540220969154 0.671959922924807
5.0 -35.0 -0.27279048264878997 0.23154333521352655
295.0 -45.0 -0.09923212558921062 0.6686856130214651
255.0 -85.0 0.11644850799526851 0.6151935952845755
285.0 -85.0 0.12568346176187864 0.5872351873915493
345.0 -85.0 -0.11127845945716999 0.6310761412821568
325.0 -85.0 -0.08823518502809619 0.703701696371935
215.0 -85.0 0.03187539555252711 0.8909033304778817
55.0 -75.0 -0.1862350174259713 0.41892613046606775
45.0 -35.0 -0.22063381872168758 0.336514547301199
135.0 -35.0 -0.24614172611715596 0.28212795305103466
115.0 -35.0 0.19701822611461028 0.3919964687283113
25.0 75.0 0.12659012756429425 0.5845197096449258
165.0 -75.0 0.230077797874125 0.315700693290072
145.0 -85.0 -0.10124243975844452 0.6623528980136976
135.0 -85.0 -0.7206126123641733 0.0002288620756742415
155.0 -85.0 0.07847838365071864 0.7352624063983566
335.0 -75.0 0.07166354407572746 0.7575562381771289
325.0 -75.0 0.01158717437920851 0.9602426488651281
225.0 -75.0 0.20891255333993136 0.3634444713331644
235.0 -75.0 0.0837716410797228 0.718085489105909
105.0 -75.0 -0.030793097164796116 0.8945873805059961
75.0 -45.0 0.13908692084709393 0.5476520282808963
95.0 -45.0 -0.1380818668263559 0.5505775744213717
255.0 -45.0 -0.3543982959974849 0.11496292061296177
325.0 25.0 -0.39060400570736437 0.07999963606940229
335.0 25.0 0.20937463176978555 0.36236001353979364
185.0 -45.0 0.28025449046201206 0.218513573529474
175.0 -45.0 -0.28019691848204276 0.21861218347101136
205.0 -45.0 -0.031236479432523917 0.8930778888309914
285.0 -65.0 0.29683479118826633 0.19132844106890917
315.0 -45.0 0.36366126442473834 0.10512371029130009
225.0 -85.0 0.25548468182384376 0.2636675389623925
335.0 -85.0 -0.07896707327021223 0.733671334808264
85.0 -75.0 -0.05159321867384815 0.8242361480920855
205.0 -55.0 0.5026475051189118 0.020215357019405827
95.0 -35.0 0.021472854156684193 0.9263915421320265
85.0 -35.0 0.05806032046944862 0.8025995394277925
25.0 -35.0 0.09039176500513886 0.6967864990604862
35.0 -35.0 -0.10783875514462667 0.6417309505129475
205.0 -35.0 -0.014517121139983156 0.9502003474557166
195.0 -35.0 -0.05988813851238329 0.7965087190021732
165.0 -35.0 0.0732942625250516 0.7522039433159318
155.0 -35.0 0.4887812347258766 0.024548810328173395
105.0 45.0 0.15577610716622337 0.5001340146548736
265.0 -25.0 0.1822935594280699 0.42901270213024345
75.0 -25.0 -0.32190840597690434 0.15472178373119475
225.0 75.0 -0.0429833244907443 0.8532307203631823
195.0 75.0 0.15188748540867492 0.5110230899055591
105.0 75.0 0.15197085244140496 0.5107884555528364
125.0 75.0 -0.09865894121146326 0.6704952049517001
25.0 15.0 0.0761685858579579 0.7427966576447191
115.0 15.0 0.37870088222993026 0.09047740419124348
155.0 15.0 0.2713772219598509 0.23406625123905217
145.0 15.0 -0.014831571092544779 0.9491229856055761
195.0 -75.0 0.0661770262120192 0.7756411673338239
215.0 -75.0 0.10137464127735811 0.6619372187935595
85.0 85.0 -0.20040509956986646 0.38374211934042146
15.0 85.0 -0.3646634678308692 0.10409719382388341
5.0 85.0 0.055341561017173475 0.8116795512618391
35.0 85.0 -0.21920689903261037 0.3397282304711279
125.0 -85.0 -0.043877484860504114 0.8502104155122212
245.0 -75.0 -0.018902341504677237 0.9351841575254093
65.0 -45.0 -0.19815610720787336 0.3892123079909031
245.0 -45.0 -0.3796976399187412 0.08956304091422153
145.0 -45.0 -0.20809671100214527 0.36536372856253907
65.0 -55.0 0.13208981310950926 0.5681643911170137
225.0 -65.0 -0.1900600977732347 0.409261235362516
345.0 -65.0 0.323451312204468 0.15264180238916605
15.0 -55.0 0.25314891898609626 0.268209124334691
275.0 -65.0 -0.12045891003297352 0.6029861238474798
325.0 -65.0 0.3966761014002807 0.07501702764451011
135.0 -65.0 0.2748448528234305 0.22790766785025285
115.0 -65.0 -0.17700424824182265 0.44274984072716483
145.0 -65.0 -0.2563219840790558 0.26205145199806384
15.0 -35.0 -0.23128597034643952 0.31309529590890817
335.0 -45.0 0.04526596349470815 0.845524410613338
355.0 -45.0 -0.5815249839848909 0.005690773538789091
325.0 -45.0 0.19344319620912484 0.4008156808431318
305.0 -45.0 0.19615583386549923 0.3941139347147148
265.0 -45.0 0.2882503247783895 0.20510251342914393
245.0 -85.0 0.22051093819895412 0.33679058757185487
175.0 -85.0 0.09228104759213428 0.6907473451112629
235.0 -85.0 0.26812708734282936 0.23993594743281554
185.0 -85.0 -0.24516886277030667 0.28409530736192645
185.0 -55.0 0.36732105792215564 0.10141054950339627
25.0 -45.0 0.05391419811804929 0.8164560120986841
15.0 -45.0 -0.4305927750966914 0.05134644858190365
325.0 75.0 0.29600606506610216 0.19263016372198258
105.0 -35.0 -0.2851955380470546 0.2101596552653595
65.0 -35.0 -0.26549416044256935 0.24476021123478303
125.0 -35.0 0.06709972820169222 0.7725916083542183
175.0 -35.0 0.07289264423859297 0.7535211175605847
185.0 -35.0 0.12155395622443609 0.5996703526768961
145.0 -35.0 0.09643196670861065 0.6775425536538966
15.0 75.0 0.03826489191676278 0.8692005015871469
325.0 65.0 -0.20266782969081615 0.3782824088619279
305.0 -15.0 -0.18292547307853652 0.4273869070226336
285.0 -15.0 0.0647939242812367 0.7802183077588571
135.0 -25.0 0.07353347517209978 0.7514197201055478
205.0 -25.0 0.20624239086222457 0.3697475462971761
285.0 -35.0 0.006751162602895293 0.9768299176843515
245.0 -35.0 0.083571254924514 0.7187334339175381
215.0 -35.0 0.2835222015017403 0.21296465603614073
55.0 15.0 -0.14136539109651455 0.5410460559156739
175.0 5.0 0.5161984762654709 0.01659455816345153
45.0 15.0 -0.32873387475606053 0.1456685248894198
285.0 5.0 0.3894133712280021 0.08100490974327468
295.0 5.0 0.2848120550588621 0.21080030471139247
125.0 15.0 0.4062191893929973 0.06766125080904115
85.0 -85.0 -0.04976119294885675 0.830388526323661
165.0 -85.0 0.03376953379629176 0.8844610945748834
15.0 -65.0 0.27965006609015736 0.2195503021485602
255.0 -75.0 -0.4019467749926811 0.07088387144551549
295.0 85.0 0.20005065918933004 0.3846013366680565
245.0 85.0 0.3042166774577496 0.17999524686387322
235.0 85.0 0.14058303211259784 0.543310222041322
225.0 -45.0 -0.3140535381120387 0.16561751427498156
105.0 -45.0 0.3206287470485832 0.15646181383799856
85.0 -45.0 0.16629652177366336 0.4712522871517597
235.0 -45.0 -0.06999936680381962 0.7630293793137792
115.0 -45.0 0.2191537753520629 0.3398482224238808
165.0 -45.0 0.029269572075217982 0.8997768527934352
125.0 85.0 -0.3640244430352413 0.10475087267248961
35.0 -55.0 0.012270526907819098 0.957899907079033
235.0 -65.0 0.03489086964082864 0.8806505488162867
265.0 -65.0 -0.1782261827462752 0.4395559517676886
255.0 -65.0 0.6032265045374098 0.0037928592287822622
315.0 -65.0 0.24162391126960997 0.2913359691478305
95.0 -65.0 0.2229878602287169 0.3312522353701335
125.0 -65.0 -0.15136232532505509 0.5125023273632057
195.0 -65.0 0.5145259677823957 0.017010866618847598
275.0 -45.0 -0.16866864478240995 0.4648591641166069
15.0 -75.0 -0.1822777458737578 0.4290534297379285
245.0 -55.0 0.301210014234764 0.184554600490964
215.0 -55.0 0.09745927784200066 0.6742883231063679
145.0 -55.0 -0.10023275618475783 0.6655307753341777
195.0 -55.0 0.30063678538563987 0.18543267901887323
175.0 -55.0 0.10534425509562022 0.6495006636774474
305.0 -55.0 -0.05030294995759343 0.8285681660206323
125.0 25.0 0.5591950291810582 0.008402781203870559
85.0 25.0 0.2536849601624287 0.26716252700333404
115.0 25.0 -0.13800113951592247 0.5508128644085615
25.0 35.0 -0.04480473812812241 0.8470804606765702
45.0 35.0 0.3536180904126199 0.11582099504036354
265.0 55.0 -0.3111950087532266 0.16971100473199047
205.0 65.0 0.1878119042313756 0.41492693685349114
5.0 65.0 -0.3377662629897756 0.1342695339303898
145.0 65.0 0.2999470143866861 0.18649303343144766
245.0 55.0 -0.05809758440735181 0.8024752538485436
115.0 55.0 0.28725862734502067 0.2067352577004557
225.0 45.0 0.057245349231841006 0.8053188370315574
5.0 -15.0 -0.19535828211487846 0.39607784062305595
185.0 55.0 -0.19512256559599048 0.3966593105035183
335.0 -15.0 -0.2606027506497045 0.2538874851806197
35.0 55.0 0.09176781215012385 0.69238614927821
215.0 55.0 0.18207993019759064 0.4295630758929513
135.0 45.0 0.07311483051312294 0.7527923388870956
155.0 -15.0 0.571967769667787 0.006745865922388744
235.0 -15.0 0.09137307059745468 0.6936474934235559
95.0 -15.0 -0.07771313585418253 0.7377559891898258
265.0 -15.0 -0.06778033702918806 0.7703442377372187
325.0 -25.0 -0.11973492567540613 0.6051824806598772
15.0 -25.0 0.03445157917129554 0.88214305662168
145.0 -25.0 0.2588106367346287 0.25728525143658004
165.0 75.0 -0.03914984633849487 0.8662014027551369
215.0 75.0 0.1390664632581908 0.5477115064651068
205.0 75.0 -0.028982526960817996 0.9007550407125832
235.0 75.0 -0.04070802792476364 0.860925068574472
45.0 75.0 0.0889835316137287 0.7012994969425927
135.0 75.0 -0.02274422893976403 0.9220457055866393
275.0 -5.0 -0.07679831972437742 0.7407402729318664
285.0 -5.0 0.07461726868941536 0.7478696276993366
65.0 15.0 0.3218522793743483 0.1547978182690553
5.0 15.0 0.05869077977731653 0.8004974025100958
15.0 15.0 0.26016019211907154 0.2547238755985736
85.0 15.0 -0.2844845061939594 0.21134853630031053
135.0 15.0 0.08066560951747064 0.7281494593850644
175.0 15.0 0.004066765691340776 0.9860416561996791
95.0 -85.0 0.15926381150750543 0.49046479765368267
265.0 -75.0 -0.18868537495632084 0.41272065335130415
105.0 -85.0 0.04391794799559944 0.8500737861017036
45.0 -85.0 0.27318106310465706 0.23084922167348548
275.0 85.0 0.02494153676099714 0.9145399336389956
255.0 85.0 0.04048881988041592 0.8616670142196404
95.0 -55.0 0.20980714425696437 0.3613466331327788
195.0 -45.0 0.07933381290650438 0.7324779962982764
85.0 -65.0 0.2795661667506572 0.21969446484915064
155.0 -65.0 -0.13484895302240715 0.5600356446708631
175.0 -65.0 0.045311466097201485 0.8453709269953072
185.0 -65.0 0.13484912766256052 0.5600351318046402
205.0 -65.0 0.06642338683458449 0.774826624752851
135.0 -55.0 -0.3323240155354336 0.1410590927528211
235.0 -55.0 0.34762092555196467 0.12257154509939953
35.0 -45.0 0.05713771357131325 0.8056781451630234
345.0 -55.0 -0.08831890776811341 0.7034328101401398
5.0 -45.0 -0.35551121883997017 0.11374688049133444
295.0 -55.0 -0.14098748016898155 0.5421391986223898
355.0 -55.0 -0.06699241993845793 0.7729461007211461
165.0 -55.0 0.016818078681589868 0.9423189034552331
315.0 -55.0 -0.3824933931071047 0.08703484513663572
225.0 -55.0 0.3595886077390828 0.10937112101340851
275.0 15.0 -0.240345808353673 0.2939742116523511
275.0 25.0 -0.12085198752268196 0.60179502366774
235.0 25.0 0.5035677779469768 0.019951013590373292
265.0 25.0 0.1892186070029208 0.4113769178831015
55.0 35.0 0.16549255107874594 0.47342913047713353
35.0 25.0 0.18139954129844754 0.4313184726564261
285.0 25.0 -0.001531322210122424 0.9947438374632471
325.0 15.0 -0.20694165794604233 0.3680908888128308
315.0 25.0 -0.3047548668739981 0.1791873128347457
295.0 25.0 -0.5156053101726238 0.016741254794089132
345.0 15.0 0.48732355098511915 0.02504419590301946
45.0 45.0 0.3556439887635884 0.1136024322056418
75.0 45.0 0.14879616025423928 0.5197598940132235
115.0 35.0 -0.05846006090843231 0.8012665339566067
335.0 35.0 -0.01728547115337527 0.9407185598905683
155.0 35.0 0.03306300566332671 0.8868632991481874
295.0 35.0 -5.738044988958247e-06 0.9999803044079897
25.0 45.0 -0.12564027755711873 0.5873646584485455
295.0 55.0 0.20461455642455936 0.37362054905079967
35.0 65.0 -0.10325161313851912 0.6560458570849294
195.0 65.0 0.16694551793358164 0.46949876189055295
55.0 65.0 -0.14108866766214997 0.5418464051768956
15.0 65.0 0.2763520618226229 0.2252642109378823
95.0 65.0 -0.014042810367681059 0.9518255787308758
5.0 55.0 -0.6092424138059351 0.0033721920136408614
355.0 -15.0 0.014598471250549439 0.9499216193168842
15.0 -5.0 -0.058512757130695446 0.8010908486065478
325.0 -15.0 -0.012775287763497458 0.9561696456709017
305.0 45.0 0.428906311935765 0.05236704065719027
315.0 -15.0 -0.19801243424941997 0.3895632351336318
305.0 -25.0 0.15508645023039896 0.5020569317847905
285.0 -25.0 -0.26383144667771763 0.24783874260074706
315.0 -25.0 -0.10024748146973159 0.665484389148422
105.0 -15.0 -0.06574163415944524 0.7770812589396672
165.0 45.0 0.439140836585016 0.04640650011159749
255.0 -15.0 0.12675987018172083 0.5840119248909688
185.0 45.0 0.13488660738787056 0.5599250698301558
125.0 55.0 0.06702895060319325 0.7728254169445827
275.0 -15.0 -0.16361881141650944 0.4785221427826367
55.0 -15.0 -0.1169529306417992 0.6136526780185994
145.0 -15.0 0.30593004015200165 0.17743174898574968
175.0 45.0 -0.017458201568853263 0.9401271893223649
5.0 -25.0 0.06697674566222289 0.7729978842667777
105.0 -25.0 -0.09730268864588608 0.6747839936445907
345.0 -35.0 -0.08653719287890799 0.7091623194336392
185.0 -25.0 0.1486744313042062 0.5201053701031213
45.0 -25.0 -0.11921920995817725 0.6067490164125862
325.0 -35.0 -0.33088665696265956 0.14289201093925225
315.0 -35.0 -0.350006218136225 0.1198536313414494
55.0 -25.0 -0.023063988487111248 0.9209530293060988
125.0 -25.0 0.1817856944785861 0.4303217328714567
295.0 -35.0 0.18899291023208137 0.41194537847981116
65.0 -25.0 0.07613659485556491 0.7429011688353695
355.0 -35.0 -0.00734326328423661 0.9747984159051191
85.0 -25.0 -0.2975469617171352 0.19021455694769593
115.0 -25.0 0.29566738754721233 0.19316385799463923
235.0 -35.0 0.15868998102646298 0.492049295427084
175.0 -25.0 0.33408161387056845 0.1388404341261933
255.0 -35.0 0.4207232168008669 0.0575418307043569
335.0 -35.0 -0.2069225848704912 0.3681360190971761
195.0 -25.0 0.34248783454805043 0.12856982503173708
265.0 -35.0 0.19101900006428796 0.40685762126281366
235.0 -25.0 0.506343729425296 0.019170364281398372
35.0 -25.0 -0.21399533393790635 0.35161833888756067
25.0 -25.0 0.021077865075714835 0.9277421175141551
95.0 -25.0 0.03900794116747962 0.8666821994583096
165.0 -5.0 0.33638215433115415 0.13597384757787545
75.0 5.0 0.4452596195500648 0.043102111593179046
95.0 5.0 -0.27429157566899953 0.22888311781939683
325.0 -5.0 0.042032312453317525 0.856445228791572
355.0 -5.0 -0.3100446951521673 0.17137776635706586
5.0 5.0 0.1301914546090512 0.5737870827013644
135.0 -5.0 0.45079648663246824 0.04027201876821703
85.0 -5.0 0.17343562940706045 0.45214686223871037
85.0 5.0 -0.0896983762337624 0.6990073971522641
105.0 15.0 0.04679859074441896 0.8403577439072192
215.0 5.0 0.16488683095802537 0.47507253598560883
35.0 15.0 0.21976025122403814 0.3384798420926656
95.0 15.0 -0.06356116106844485 0.7843038387957493
165.0 15.0 0.026509179298319283 0.9091892711495636
25.0 85.0 0.25994488119814857 0.255131426848057
25.0 -65.0 -0.004170424377184185 0.9856859035307548
115.0 85.0 0.05683416833107445 0.8066916392192639
175.0 85.0 -0.30747045464572925 0.17514842366104655
125.0 -45.0 -0.1792846801032234 0.43679910559034674
135.0 -45.0 0.1812085279165089 0.4318119710537218
5.0 -55.0 0.22924672938996865 0.3175004405625492
165.0 -65.0 -0.017528606662699623 0.9398861547568538
305.0 -85.0 0.05388905461925875 0.8165402078063366
295.0 -85.0 0.08251105815335437 0.7221646422558595
255.0 -55.0 0.3403677343703803 0.13110737130783431
285.0 -55.0 0.13797970906512128 0.5508753338077976
265.0 -55.0 0.3884534981716385 0.08182217692897457
45.0 -5.0 0.26613577535330013 0.24357887518142796
35.0 -5.0 0.4757013313593843 0.029284098687790357
25.0 25.0 0.18471523787326904 0.4228001171124063
175.0 25.0 0.1920054755137449 0.4043929847408708
265.0 15.0 0.07937717858369116 0.7323369274125778
255.0 25.0 0.057419106681273265 0.8047388816058271
105.0 25.0 0.07181269827968398 0.7570662408252427
225.0 35.0 -0.02053634805492482 0.9295940219973934
55.0 45.0 0.07702201203534631 0.7400102182112396
275.0 35.0 -0.2531886805711546 0.268131402864557
185.0 35.0 0.5541088682207167 0.009149264446307863
165.0 25.0 0.1450691237934879 0.5303865428039133
145.0 25.0 -0.42594137453918196 0.054198980271393915
315.0 15.0 -0.45002316173470785 0.04065835917207111
305.0 15.0 0.3641377399564936 0.10463476000881917
5.0 25.0 0.18844431695869468 0.4133288983908904
15.0 45.0 -0.11970460054192016 0.6052745500615895
65.0 35.0 0.24073662251856895 0.2931659418609706
75.0 35.0 0.26048421137613303 0.2541113399598203
305.0 35.0 0.2226665817081054 0.33196753754036434
135.0 35.0 0.09328643188771514 0.68754092932408
255.0 35.0 -0.2898465124012619 0.20249264862288371
355.0 35.0 0.14877196914221447 0.5198285415850872
5.0 45.0 0.1929935610721464 0.40193257164242446
15.0 35.0 -0.41722378718744296 0.05987023978925967
175.0 35.0 0.3075233174535686 0.17507042526611705
95.0 45.0 0.034871577837657625 0.880716085389175
85.0 35.0 0.06145077867176237 0.7913105467227934
265.0 35.0 0.20456845431348628 0.3737305714424938
105.0 35.0 -0.004712432798635764 0.9838257953014009
285.0 55.0 0.11836837430845852 0.60933714086923
25.0 65.0 0.49524787987778013 0.022444279745722044
75.0 65.0 0.09154190899799955 0.6931078971093085
315.0 65.0 0.043657394769588874 0.8509536526157623
265.0 65.0 0.5788078586405793 0.005975788325023712
335.0 65.0 -0.1262764562673572 0.5854585527917848
275.0 65.0 0.11841695147400334 0.6091892545315266
345.0 -15.0 0.06411946360017705 0.7824528711877259
355.0 -25.0 -0.08984987367648066 0.6985219537830134
195.0 45.0 0.14010605965914533 0.54469271426154
345.0 -25.0 -0.27195889211146207 0.23302571212430345
295.0 -15.0 -0.1384302382017453 0.5495627233551906
25.0 55.0 -0.45637082968102216 0.037571015856772895
35.0 -15.0 0.32680812821940713 0.14818416688760985
295.0 -25.0 -0.032593628530014115 0.8884597166472079
185.0 -15.0 0.07732421438262459 0.7390242754069022
175.0 55.0 -0.10771658363934256 0.6421106529798917
15.0 55.0 -0.31946059328533244 0.1580620792667455
125.0 -15.0 0.06721133646859924 0.7722229571857191
135.0 -15.0 0.13427936019295128 0.5617094810313121
165.0 -15.0 0.5163222797297166 0.016564071196613666
175.0 -15.0 0.34640840270270573 0.12396997099024416
195.0 -15.0 0.07899202426938205 0.7335901276767498
275.0 -25.0 -0.16668647400753517 0.4701982760711598
165.0 -25.0 0.17913121608626464 0.4371982331705382
255.0 -25.0 0.36919779814683995 0.09954407394344668
275.0 -35.0 0.33000030361664445 0.14403061682979362
215.0 -25.0 0.4260257070996852 0.05414620497540185
225.0 -25.0 -0.1662545527781403 0.4713657974350921
35.0 75.0 -0.13618724285536846 0.5561116394399693
245.0 75.0 -0.23238010522242683 0.3107470725121079
15.0 5.0 -0.32303588306166797 0.15319990695701943
75.0 -5.0 0.4065380669333667 0.06742524142074978
35.0 5.0 0.053493094539301116 0.817866378624478
255.0 -5.0 -0.11077234941347816 0.6326395170251748
295.0 -5.0 0.1764508340772667 0.44420035199080055
55.0 5.0 -0.11710957045290703 0.6131744909648847
125.0 5.0 0.33364522969442456 0.13938897453426918
205.0 -5.0 0.04558946261569847 0.8444333415991732
105.0 -5.0 -0.01509580647261888 0.9482177338574294
315.0 -5.0 0.01758859031016952 0.9396808024064869
305.0 -5.0 0.010187881052806847 0.9650408189825261
325.0 5.0 -0.0707653905374396 0.7605087140130691
75.0 15.0 0.019476358292136675 0.9332200285316125
185.0 5.0 0.3290460937882696 0.14526351292428805
145.0 5.0 0.20488306868352715 0.3729801122451585
195.0 15.0 0.20161871797418304 0.38080831031468865
135.0 -75.0 -0.025078757164278365 0.9140714288971253
75.0 -85.0 0.5094953442798614 0.018313963493513004
225.0 85.0 0.012801863677781087 0.9560785517242214
155.0 -45.0 -0.08541117599622701 0.7127911135833979
335.0 -65.0 0.39242823975568547 0.0784774949255067
285.0 -45.0 -0.2937751283283757 0.19616406590760588
155.0 -55.0 -0.14702029110019768 0.5248106977386002
125.0 -55.0 -0.28775051254299694 0.20592433174214925
315.0 75.0 -0.01205464716036501 0.9586399737710043
25.0 -5.0 0.31041961889482533 0.17083328471209921
205.0 25.0 -0.2218031862831704 0.33389435880278884
195.0 25.0 0.14316657507472286 0.5358499089814557
135.0 25.0 0.2991231481129838 0.18776490805497723
285.0 15.0 0.011235638672158018 0.9614479449829325
75.0 25.0 -0.18628739867283658 0.41879295127113925
205.0 15.0 0.05739624436258066 0.8048151842175719
235.0 15.0 0.47384581490180866 0.03001051533987016
185.0 25.0 0.1499608713637007 0.5164598622551111
245.0 25.0 0.40293759181544153 0.0701264270106209
295.0 15.0 0.1939595732430594 0.39953511866006286
225.0 25.0 0.33781467513641344 0.13421019777672066
305.0 25.0 0.06794312440597046 0.7698069754226001
355.0 15.0 0.3629168546024578 0.10589093867674608
45.0 25.0 0.12487512463995244 0.589660681388971
345.0 35.0 -0.2068527379702571 0.36830131627278606
325.0 35.0 0.020997632600346722 0.9280164777120369
165.0 35.0 -0.21705839371106453 0.34460100460300025
145.0 35.0 0.07316771333687548 0.7526189111805961
355.0 25.0 0.29606834617731814 0.1925321284322572
285.0 35.0 -0.1912755293702569 0.406215911190864
35.0 45.0 -0.11028649141078863 0.6341417540766173
355.0 55.0 0.10651425457528009 0.6458519996937684
305.0 65.0 -0.4677519415025865 0.03249665729497968
325.0 45.0 0.1965571020009995 0.39312789543289284
5.0 -5.0 0.16127993200680285 0.48491780295759745
335.0 45.0 0.07559969276308756 0.7446558189024988
95.0 55.0 0.10426830270589889 0.6528628727423722
235.0 45.0 0.6630530023958711 0.0010526831981167118
155.0 55.0 -0.2508175606141512 0.27279104780941293
105.0 55.0 -0.12924460172822202 0.5766005558920838
115.0 -15.0 0.20695779213882823 0.36805271491702674
15.0 -15.0 -0.18761322219869786 0.41542967624522564
335.0 -25.0 -0.04772296774651356 0.8372445980144892
65.0 -15.0 -0.21929197181508103 0.33953612615467144
205.0 45.0 -0.29950807242595884 0.18716993706135
225.0 55.0 -0.40368348215838795 0.06956025449598784
295.0 45.0 0.07360413662259196 0.7511881120851506
195.0 55.0 0.24721147666315216 0.27997449035592376
265.0 45.0 -0.12436611846228755 0.591190176500236
225.0 -15.0 0.1667548061495257 0.4700137027524496
85.0 -15.0 0.17501458902442024 0.44797637783871624
225.0 -35.0 -0.5945651391115394 0.0044745929469057096
155.0 -25.0 0.29905716870070287 0.18786701983919876
305.0 -35.0 -0.10231278722899843 0.658990175461234
245.0 -25.0 0.07136036953069526 0.7585524946664072
105.0 5.0 0.012422030135677508 0.9573805521852072
45.0 5.0 -0.20936756240169202 0.3623765906947387
145.0 -5.0 -0.14369959890910694 0.5343166550704003
95.0 -5.0 -0.2833857968997654 0.21319439855543595
245.0 -5.0 -0.034943360604279744 0.8804722345096903
335.0 -5.0 0.14187819628379153 0.5395643385255467
115.0 -5.0 0.13442368216081194 0.5612851586248999
115.0 5.0 0.4792397395024349 0.027937364644710822
65.0 -5.0 0.012661930214150623 0.9565582058922948
125.0 -5.0 0.27179331740002194 0.23332159844005043
255.0 5.0 0.034261784323486213 0.8827880118124056
225.0 5.0 0.057005398690108726 0.8061198888244755
305.0 5.0 -0.0041139700518812265 0.9858796523088548
315.0 -75.0 0.42643581277127024 0.0538901218104262
15.0 -85.0 -0.07303947847838185 0.75303947352618
185.0 85.0 -0.026338341539083106 0.9097721933350414
115.0 -55.0 0.13132499626587604 0.5704267659772544
245.0 15.0 -0.13194561782994504 0.568590627825223
215.0 25.0 -0.3660884908803279 0.10265021417894933
215.0 15.0 0.45810140369543484 0.03676192723126043
95.0 25.0 -0.19975018906176378 0.38533056743004945
15.0 25.0 -0.066370033280911 0.7750030084275225
85.0 45.0 -0.48407451217250314 0.026176948251436988
245.0 35.0 -0.08699517497788538 0.7076881160834049
5.0 35.0 0.1860046217864814 0.4195121824492628
125.0 35.0 -0.00127226756514358 0.9956330164681071
315.0 35.0 -0.14483503309985776 0.5310573538936185
205.0 35.0 0.6180318356477141 0.0028280862961113464
235.0 35.0 -0.1291934999703701 0.5767525691304547
215.0 35.0 0.24088420798101742 0.2928610668145293
195.0 35.0 -0.06619357022287867 0.7755864607281509
325.0 55.0 -0.0881488668436311 0.7039789538374024
305.0 55.0 0.14780519870031697 0.52257547506107
5.0 75.0 0.2171214728049337 0.3444573616942418
25.0 -15.0 0.18421536069804115 0.4240785238400242
155.0 45.0 -0.28718054490986794 0.20686418052521965
355.0 45.0 -0.3133160485456114 0.16666702490424648
125.0 45.0 -0.3044462162600789 0.17965035807555277
315.0 45.0 0.0014078251176022187 0.9951677281223682
85.0 55.0 0.13726958824879873 0.5529471322916841
245.0 -15.0 0.017972384964685326 0.9383669798028715
205.0 -15.0 -0.07732199749888005 0.7390315066135928
75.0 -15.0 -0.26343324669011964 0.24857969030455013
55.0 -5.0 0.1822851341670962 0.4290344010256121
25.0 5.0 -0.00984552283837801 0.9662149468717347
65.0 5.0 -0.09837622219112856 0.6713884207973768
195.0 5.0 0.3727228355069471 0.09610651717064327
265.0 5.0 0.2465357527604124 0.28133356058991543
315.0 5.0 -0.21664493435996093 0.3455433976824913
275.0 5.0 0.2710147415681876 0.2347162124076037
335.0 5.0 -0.41040441531831684 0.06461288835901781
355.0 75.0 0.17431391049223932 0.449824587750563
355.0 -75.0 -0.3709830947325032 0.09779200893844696
25.0 -85.0 -0.07935303134858603 0.7324154775317548
55.0 -85.0 -0.019710305173883946 0.9324196325503062
55.0 -55.0 -0.26006102302744405 0.2549115361153423
275.0 -55.0 0.2954105803141683 0.19356920379921339
225.0 15.0 0.6196516310912376 0.002736314573909207
155.0 25.0 0.19082625199968534 0.4073401472781245
255.0 15.0 0.018907357131958364 0.9351669938302722
65.0 25.0 -0.281540032559325 0.2163193236212963
55.0 25.0 -0.08090125631484613 0.7273843966424453
95.0 35.0 -0.06964686754430305 0.7641900851942305
315.0 55.0 0.0028452355078657215 0.990234075800611
235.0 55.0 -0.2953073469267348 0.19373230938509245
245.0 45.0 0.22095240462645407 0.33579949486161165
285.0 45.0 -0.05800106423231647 0.8027971848762027
145.0 45.0 0.26425617267882967 0.24705000290075546
45.0 -15.0 -0.25579253653156675 0.263072612700933
345.0 -5.0 0.057032132120232205 0.8060306325753139
225.0 -5.0 -0.08118778599952058 0.7264544712070263
155.0 -5.0 -0.28105404070593704 0.21714712813342463
175.0 -5.0 0.3053960609634487 0.1782279840489231
205.0 5.0 0.17686028250857988 0.44312693862660835
355.0 5.0 0.08554836674997897 0.7123486700430548
245.0 5.0 0.10570278237570499 0.6483817643395917
345.0 5.0 -0.07292112686772947 0.7534276822650781
185.0 -75.0 0.0928099783766489 0.6890598163809787
35.0 -85.0 0.045436103069684514 0.8449505449596781
25.0 -55.0 -0.13209984097938746 0.568134754270947
75.0 -75.0 -0.5797291331871212 0.005877858430313954
295.0 75.0 0.11773597438094005 0.6112637295353123
335.0 15.0 0.37679896566732757 0.09224120283064857
345.0 25.0 0.3203658476863266 0.15682097439249776
345.0 55.0 -0.06957696777499589 0.764420308344816
215.0 -15.0 0.11941394052618638 0.6061573081258997
205.0 55.0 0.25469494768456064 0.2651975871625815
135.0 5.0 0.21684682113161916 0.3450830512104942
265.0 -5.0 -0.04678208207734152 0.8404133633073642
195.0 -5.0 -0.05413653160774729 0.8157115892957547
155.0 5.0 -0.11540750828061981 0.6183785833966449
35.0 35.0 -0.4526457941635687 0.03935971817635081
175.0 65.0 0.22404549157734197 0.32890397336718424
345.0 65.0 0.17800454548468078 0.4401343629128579
235.0 -5.0 -0.1512884907491954 0.5127104641436246
185.0 -5.0 0.19980237788753957 0.38520385127336043
235.0 5.0 0.3027187182929685 0.1822570693055091
45.0 85.0 -0.055985901235750285 0.809525457959462
5.0 -85.0 0.16633776357056923 0.4711407571581284
335.0 85.0 0.20115730461369083 0.38192223991626517
225.0 65.0 0.05726798752638211 0.8052432709391556
215.0 -5.0 -0.14130918661071915 0.541208568595415
165.0 5.0 0.5102314503502408 0.018118434037204527
