5.0 -85.0 0.1445899605358599 0.13000719037726904
15.0 -85.0 0.23426117865496807 0.013335049549801373
25.0 -85.0 0.2606424359828232 0.005729410146701972
35.0 -85.0 0.22364820030347654 0.018295756891704155
45.0 -85.0 0.2616376118967746 0.005540401165288164
55.0 -85.0 0.32944689179951614 0.0004143864883460746
65.0 -85.0 0.3899370128041186 2.3322132902769615e-05
75.0 -85.0 0.31560470751099523 0.0007404964261919483
85.0 -85.0 0.2913263023959808 0.0019212183679525976
95.0 -85.0 0.29174133612801345 0.0018914348278168435
105.0 -85.0 0.290807060168172 0.0019590778349676003
115.0 -85.0 0.22283893097095303 0.01873221102164759
125.0 -85.0 0.0017287333041096768 0.9856331323965415
135.0 -85.0 0.05161471818737441 0.5905785433457913
145.0 -85.0 0.104587647163337 0.2746464012045551
155.0 -85.0 0.17897835848029175 0.06017425816352292
165.0 -85.0 0.16502147940006617 0.08348469695218233
175.0 -85.0 0.10518780943684983 0.2718864975505533
185.0 -85.0 0.11198961689210826 0.24191533579905308
195.0 -85.0 0.11402971451321199 0.23339091952739868
205.0 -85.0 0.38930123829402735 2.41119930550543e-05
215.0 -85.0 0.3801891343509946 3.85748457028663e-05
225.0 -85.0 0.3714766473683889 5.9682509376540244e-05
235.0 -85.0 0.30259512126195437 0.001246701874363906
245.0 -85.0 0.19149413133044416 0.04407778249378002
255.0 -85.0 0.12696079581760353 0.18422653394363153
265.0 -85.0 0.14342500310598824 0.1331626175915881
275.0 -85.0 0.08806221861521873 0.35805500468318385
285.0 -85.0 0.026940407065538713 0.7789614291384221
295.0 -85.0 -0.0015371974717687995 0.9872247738483269
305.0 -85.0 -0.08113449423341959 0.3972597622967512
315.0 -85.0 -0.14322212951016572 0.1337180516967658
325.0 -85.0 -0.13448431522786974 0.15935547760899885
335.0 -85.0 -0.06667994372401022 0.4868430587879148
345.0 -85.0 0.031257800008364624 0.7446717546637928
355.0 -85.0 0.09516029390967541 0.32047442573223206
5.0 -75.0 0.027149663706904626 0.7772890470718997
15.0 -75.0 0.11464054253965346 0.2308799764524617
25.0 -75.0 0.05319501326696119 0.579241617930264
35.0 -75.0 0.19412569998012358 0.04119586112303087
45.0 -75.0 0.275516489505648 0.0034251893849354324
55.0 -75.0 0.09027428450121029 0.34606066251464984
65.0 -75.0 0.16867005260688125 0.07678797099799342
75.0 -75.0 0.040177344482206015 0.6754558612236936
85.0 -75.0 0.0066703874596173085 0.9446058631866525
95.0 -75.0 0.1535510796435704 0.10761516926790378
105.0 -75.0 0.2849087194208255 0.0024391004840804914
115.0 -75.0 0.3326941580099867 0.0003601797353827892
125.0 -75.0 0.276887645412352 0.003261887141866446
135.0 -75.0 0.1606019027339042 0.09221242592723738
145.0 -75.0 0.1645338607124258 0.08441399089660842
155.0 -75.0 0.0772689935542094 0.4202024579420246
165.0 -75.0 0.46393343258642117 2.923085158223345e-07
175.0 -75.0 0.36146177498382137 9.708406029287353e-05
185.0 -75.0 0.09827296531925081 0.3048275697663739
195.0 -75.0 0.5133063362490199 8.374726680945509e-09
205.0 -75.0 0.4800908309744192 9.715268507858215e-08
215.0 -75.0 0.5194357873880887 5.173922703381502e-09
225.0 -75.0 0.3957061346946001 1.7184772430932564e-05
235.0 -75.0 0.12040833388305149 0.20810057357831693
245.0 -75.0 0.09521129390749095 0.32021395840322414
255.0 -75.0 0.2205163958531678 0.020035020695728604
265.0 -75.0 -0.1254943113957104 0.18938770285643736
275.0 -75.0 0.6779959846962962 2.9927013502970116e-16
285.0 -75.0 0.33931796059979025 0.00026929757744811514
295.0 -75.0 0.46474823353464245 2.76886269290774e-07
305.0 -75.0 0.30179770365346686 0.001286172548717231
315.0 -75.0 0.19310024683476137 0.04229957738614694
325.0 -75.0 0.13438965566371155 0.1596519961723928
335.0 -75.0 0.15893811369099886 0.09567949878291071
345.0 -75.0 0.11501912299327173 0.22933327396375802
355.0 -75.0 0.09762454755389323 0.3080451002777128
5.0 -65.0 0.5237828238965059 3.6555958278782428e-09
15.0 -65.0 0.5122826410391623 9.067764645858377e-09
25.0 -65.0 0.4301586517777087 2.4537053410850926e-06
35.0 -65.0 0.4605671898441603 3.6513203534887335e-07
45.0 -65.0 0.47668063451513915 1.231637637962798e-07
55.0 -65.0 0.31570398285983164 0.0007374915580285226
65.0 -65.0 0.4984092264136463 2.5966804556962594e-08
75.0 -65.0 0.5671494727885132 8.60143990561515e-11
85.0 -65.0 0.5169132868343371 6.3153103516321095e-09
95.0 -65.0 0.31345947387085177 0.0008082303263254903
105.0 -65.0 0.06950930944141331 0.46850509609779745
115.0 -65.0 0.163189629891444 0.08701858752791874
125.0 -65.0 0.34988680976538133 0.0001670420639441319
135.0 -65.0 0.47031663799544293 1.9045093440890911e-07
145.0 -65.0 0.5499386708816204 4.062184816061032e-10
155.0 -65.0 0.5858872088534774 1.4289926504871833e-11
165.0 -65.0 0.6425062605289281 2.9323528610083255e-14
175.0 -65.0 0.6864180757893825 9.164126932841645e-17
185.0 -65.0 0.5676736825790196 8.192649575969796e-11
195.0 -65.0 0.3719591967722185 5.827597706015009e-05
205.0 -65.0 0.46349812842924815 3.008795430000411e-07
215.0 -65.0 0.5685833068362962 7.527343000186859e-11
225.0 -65.0 0.32182868196875186 0.0005723173416758855
235.0 -65.0 0.17970811232473688 0.059119309831627276
245.0 -65.0 0.33429265735599445 0.0003359701687873674
255.0 -65.0 0.43507200341207775 1.8260062269302638e-06
265.0 -65.0 0.5308336051398092 2.0591993066861764e-09
275.0 -65.0 0.5424306451100877 7.781504119502932e-10
285.0 -65.0 0.6090066290220411 1.3238471842193464e-12
295.0 -65.0 0.6783180529575353 2.862343236289166e-16
305.0 -65.0 0.29597017141369714 0.0016109509384726387
315.0 -65.0 0.588333700714404 1.1208476335418213e-11
325.0 -65.0 0.6678527985201272 1.1828514379417367e-15
335.0 -65.0 0.6502101048657641 1.1412255819627875e-14
345.0 -65.0 0.6423702347712013 2.980907256674108e-14
355.0 -65.0 0.6375966293134959 5.277165194877769e-14
5.0 -55.0 0.46101380998825153 3.5456163022976875e-07
15.0 -55.0 0.5839462480740378 1.730187864321612e-11
25.0 -55.0 0.7485492927112091 3.594322603155869e-21
35.0 -55.0 0.6427492223558328 2.8475288252492955e-14
45.0 -55.0 0.36102307116104304 9.913929951421116e-05
55.0 -55.0 0.5002766996747813 2.259915860611335e-08
65.0 -55.0 0.688858095154925 6.455578911471451e-17
75.0 -55.0 0.7960861930814036 1.6021758153107308e-25
85.0 -55.0 0.7045584091922912 6.2227374787604396e-18
95.0 -55.0 0.3302620601459272 0.00040011431938091014
105.0 -55.0 0.43302394833756774 2.0664974279625154e-06
115.0 -55.0 0.43432682274524426 1.910263814437214e-06
125.0 -55.0 0.41424808224948584 6.191710897088105e-06
135.0 -55.0 0.47636499942664867 1.2588163356627806e-07
145.0 -55.0 0.4172224013043227 5.226469196950906e-06
155.0 -55.0 0.15371489707714653 0.10723582850068189
165.0 -55.0 0.08612847805245863 0.36874881742458965
175.0 -55.0 -0.07704910834754135 0.4215301924519217
185.0 -55.0 0.06702820070341282 0.48456546008329804
195.0 -55.0 0.06829377933263454 0.476336752993605
205.0 -55.0 0.39455421007440894 1.8273547862544908e-05
215.0 -55.0 0.39347387927190897 1.9353245929111476e-05
225.0 -55.0 0.5010868982281176 2.127195288049689e-08
235.0 -55.0 0.6014023337807585 2.9568531550961076e-12
245.0 -55.0 0.6244403366743144 2.421998813182118e-13
255.0 -55.0 0.5916369156660207 8.04854906501466e-12
265.0 -55.0 0.6802718973116277 2.1820131114052902e-16
275.0 -55.0 0.6356480048245167 6.64384493831523e-14
285.0 -55.0 0.5345439900862299 1.5143138889563678e-09
295.0 -55.0 0.16098310069817706 0.09143225523436095
305.0 -55.0 0.17631624273138752 0.06415389475789401
315.0 -55.0 0.1805715459600674 0.057890713577946305
325.0 -55.0 0.4015865279895219 1.2514006176726672e-05
335.0 -55.0 0.4195953374731339 4.560195877209706e-06
345.0 -55.0 0.4753167303134931 1.3532454134414698e-07
355.0 -55.0 0.3876091128163936 2.6338241301385517e-05
5.0 -45.0 -0.07159512913520734 0.4552315334715761
15.0 -45.0 0.045251494552496455 0.6372131077003623
25.0 -45.0 -0.10138843228590648 0.28967597404198786
35.0 -45.0 0.2141556182052661 0.024009265228794246
45.0 -45.0 0.3284500510586063 0.0004324762557391324
55.0 -45.0 0.42462116076534856 3.4045010798092235e-06
65.0 -45.0 0.2191613985400081 0.020830546204907353
75.0 -45.0 -0.3629313826376698 9.04846546596778e-05
85.0 -45.0 -0.26050711707221597 0.005755548591696443
95.0 -45.0 -0.026036774581162055 0.7861947765381828
105.0 -45.0 0.09204317034064365 0.33665323682021864
115.0 -45.0 0.1416662279520648 0.13803677373900938
125.0 -45.0 0.04793658429340643 0.6173472346891593
135.0 -45.0 -0.01962239325387092 0.8380298594212157
145.0 -45.0 -0.19354664279523884 0.04181611714743762
155.0 -45.0 0.2023767955694468 0.03316094144383635
165.0 -45.0 0.018954344113622783 0.8434726161230427
175.0 -45.0 -0.42207487774199043 3.950171993262522e-06
185.0 -45.0 -0.04998142373660615 0.6024003670120541
195.0 -45.0 0.10424794404204354 0.27621689183585585
205.0 -45.0 0.062295113295551395 0.5160013831723917
215.0 -45.0 0.12369135009310721 0.1958760973187782
225.0 -45.0 0.227828871345796 0.016178166278853247
235.0 -45.0 0.16552814558125656 0.08252777701895102
245.0 -45.0 0.2732025151001847 0.003717484300471813
255.0 -45.0 -0.0016132253060630861 0.9865929846562792
265.0 -45.0 0.1412898446414604 0.13909725449981072
275.0 -45.0 0.1287457402457078 0.1780840763009519
285.0 -45.0 0.21842859695324185 0.0212719815629501
295.0 -45.0 0.3988110159329285 1.4545801441710221e-05
305.0 -45.0 -0.09281428222989914 0.33260351065546645
315.0 -45.0 0.4152856467797977 5.837336472688761e-06
325.0 -45.0 0.2963671381614769 0.0015866638321563912
335.0 -45.0 0.26439196031221973 0.005045886499061767
345.0 -45.0 0.2090169742352766 0.02769497581256737
355.0 -45.0 0.1269891597856675 0.1841277319178961
5.0 -35.0 0.09257728954499708 0.33384483326040615
15.0 -35.0 -0.1995376921966937 0.035761782141362414
25.0 -35.0 -0.05896579623858058 0.5387224988495933
35.0 -35.0 0.15883324089165962 0.09590143899930179
45.0 -35.0 0.1473849720634596 0.12267015301147768
55.0 -35.0 0.28046541154499477 0.0028682143802782646
65.0 -35.0 0.25558973875911606 0.006780297523495159
75.0 -35.0 0.04440138417921721 0.6435575921094842
85.0 -35.0 -0.13063950641117267 0.17173292528322892
95.0 -35.0 -0.08413889771960742 0.379953617615125
105.0 -35.0 0.10278687985471437 0.2830403294771679
115.0 -35.0 0.06753569820312577 0.4812566518868363
125.0 -35.0 0.32376251452876853 0.0005276966597355718
135.0 -35.0 0.28442065174495257 0.002483223184508287
145.0 -35.0 0.45966812085965497 3.873271584807014e-07
155.0 -35.0 0.4599861159983956 3.793340741032246e-07
165.0 -35.0 0.43842437864017475 1.4886394500049236e-06
175.0 -35.0 0.6079430732262955 1.4832273965508974e-12
185.0 -35.0 0.21250417833961713 0.025145112058857774
195.0 -35.0 0.22561640692265125 0.017270738222748574
205.0 -35.0 0.09931874959236249 0.2996847686206338
215.0 -35.0 0.00443736642964856 0.9631336577143728
225.0 -35.0 0.2558241600639048 0.006728000009669102
235.0 -35.0 0.09966014753250872 0.298018322462056
245.0 -35.0 0.34917293041367947 0.00017261039254556012
255.0 -35.0 0.44004467221513743 1.347632854480741e-06
265.0 -35.0 0.46950711505452203 2.011819216233243e-07
275.0 -35.0 0.5445964492423934 6.461631749559284e-10
285.0 -35.0 0.4032996300863572 1.1396568431126605e-05
295.0 -35.0 0.2563479075721836 0.0066124459726983505
305.0 -35.0 0.1671107645639705 0.07959510826823762
315.0 -35.0 0.17583682401186274 0.06489286125598606
325.0 -35.0 0.14772972899607012 0.12178770826912344
335.0 -35.0 0.12309595286717179 0.19805366337158323
345.0 -35.0 0.08987654518272661 0.3481984756030545
355.0 -35.0 0.34462408811217743 0.00021233396530380392
5.0 -25.0 0.14115313491080902 0.1394839695318893
15.0 -25.0 -0.048818083514820795 0.6108842003875263
25.0 -25.0 -0.20139941790270585 0.034037669096898746
35.0 -25.0 0.23312978240189172 0.013801049692008276
45.0 -25.0 0.32647655633434136 0.00047045158879623967
55.0 -25.0 0.26609971394683213 0.004759414175859582
65.0 -25.0 -0.1183872441870935 0.21589227956708137
75.0 -25.0 0.007888281006340196 0.9345125791005082
85.0 -25.0 0.24166802683411717 0.010609539389842207
95.0 -25.0 0.2411394175156252 0.010786434516926015
105.0 -25.0 0.27662894133303595 0.003292152207039029
115.0 -25.0 -0.001684880128157892 0.9859975426569819
125.0 -25.0 0.10449757586330209 0.2750622251773963
135.0 -25.0 0.24398418761946694 0.00986410666660474
145.0 -25.0 0.34049367298731104 0.0002555765591613827
155.0 -25.0 0.3133385030061962 0.0008122136727336085
165.0 -25.0 0.5886628746976612 1.0846421334262864e-11
175.0 -25.0 0.594302166795623 6.144313667508066e-12
185.0 -25.0 0.6622891023255792 2.457671081625824e-15
195.0 -25.0 0.17406444535538473 0.0676851122396995
205.0 -25.0 0.42698668767680714 2.9621155059027688e-06
215.0 -25.0 0.053562511866088895 0.5766197208618082
225.0 -25.0 -0.13988277754281708 0.14311658749190193
235.0 -25.0 0.27011323959153855 0.004142511267602359
245.0 -25.0 0.6017628973554427 2.8476713718780803e-12
255.0 -25.0 0.5762998396131495 3.6311805269891763e-11
265.0 -25.0 0.42499720301052424 3.330229265610237e-06
275.0 -25.0 0.25535677353304514 0.0068326267911007306
285.0 -25.0 -0.07999309553887961 0.4039554705179452
295.0 -25.0 0.03216807451711204 0.7375029130008499
305.0 -25.0 0.3178332280029662 0.0006756725899617008
315.0 -25.0 -0.38310078753420973 3.324689889983492e-05
325.0 -25.0 0.18073976450051116 0.057653804969162316
335.0 -25.0 0.15878994482311673 0.09599318403941842
345.0 -25.0 0.47146012336558807 1.7621856312306772e-07
355.0 -25.0 0.26785687162675653 0.004479892858098578
5.0 -15.0 0.11573080521526202 0.22644538764100056
15.0 -15.0 -0.0651817188169591 0.49670615271811536
25.0 -15.0 0.21888467042615561 0.02099631146104935
35.0 -15.0 0.2543677610444494 0.007058787287593119
45.0 -15.0 0.09427801510951471 0.32500201058326783
55.0 -15.0 0.18464287038263916 0.05237634368471845
65.0 -15.0 0.0025131788702787167 0.9791151326811652
75.0 -15.0 0.21854214464264587 0.02120305950625535
85.0 -15.0 0.032271954058664704 0.7366862290280212
95.0 -15.0 0.3635593225391402 8.779431287514493e-05
105.0 -15.0 0.47154438317216346 1.752109448590755e-07
115.0 -15.0 0.011031948454536204 0.9085112577493459
125.0 -15.0 0.0899954870418857 0.34755830788720565
135.0 -15.0 0.08259055832308575 0.38881465135060345
145.0 -15.0 0.2921340789795004 0.0018636366657694581
155.0 -15.0 0.7012854288445077 1.0261523400821349e-17
165.0 -15.0 0.5337364492933913 1.6195897035067699e-09
175.0 -15.0 0.42234394776901607 3.8888246344242e-06
185.0 -15.0 0.20895693001278437 0.027740738335437057
195.0 -15.0 0.18382378647988704 0.053449498682740695
205.0 -15.0 0.4308209163976059 2.3585400458578325e-06
215.0 -15.0 0.5565525527925833 2.2605918922835715e-10
225.0 -15.0 0.551335071678296 3.5931955695266064e-10
235.0 -15.0 0.47894007725672555 1.0528012247118401e-07
245.0 -15.0 0.2060067489004296 0.030069780832587427
255.0 -15.0 0.07103067579699991 0.45880280172015075
265.0 -15.0 -0.10639445064274185 0.26639447942528244
275.0 -15.0 -0.038860086293455984 0.6855254232037363
285.0 -15.0 0.23340030576012205 0.013688355137571613
295.0 -15.0 0.055197877086979895 0.5650197559347925
305.0 -15.0 0.17920193455261524 0.059849428701052615
315.0 -15.0 0.17366218252563573 0.0683322292608048
325.0 -15.0 0.0473091826134001 0.6219651661160864
335.0 -15.0 0.3709327466366777 6.130583990180644e-05
345.0 -15.0 0.28620963813758216 0.002324928910363252
355.0 -15.0 0.029000949484775138 0.7625386665607248
5.0 -5.0 0.3629109531643736 9.057345890141158e-05
15.0 -5.0 -0.22927229253155534 0.015498106146268011
25.0 -5.0 0.3420006901298612 0.00023893422114469148
35.0 -5.0 0.13977479295386872 0.14342864249649886
45.0 -5.0 -0.032690182719305454 0.7334011587918491
55.0 -5.0 0.07331758982620509 0.44442958842133085
65.0 -5.0 0.3451447819258412 0.0002073919752191344
75.0 -5.0 0.38110984809006726 3.680929310199683e-05
85.0 -5.0 0.3100354797775554 0.0009281650406600583
95.0 -5.0 0.4429372408186241 1.1268393903537107e-06
105.0 -5.0 0.6406842049996321 3.651375731649042e-14
115.0 -5.0 0.6898002112506862 5.633600788350707e-17
125.0 -5.0 0.6981682577144491 1.642043146697092e-17
135.0 -5.0 0.31734112945530235 0.0006895221099071944
145.0 -5.0 -0.101713580974158 0.2881240005419938
155.0 -5.0 0.13523717502215377 0.15701177729274332
165.0 -5.0 0.5325007557118145 1.7944094125361166e-09
175.0 -5.0 0.5951945512285153 5.610179261352111e-12
185.0 -5.0 0.6357240100200581 6.584633361911205e-14
195.0 -5.0 0.6158279896791541 6.320765046958263e-13
205.0 -5.0 0.5459722447274569 5.738075676501126e-10
215.0 -5.0 0.43855520050464597 1.4767548061607996e-06
225.0 -5.0 0.4740117831668281 1.480254986878211e-07
235.0 -5.0 0.4925821989869796 3.9842868353789065e-08
245.0 -5.0 0.47383594035980414 1.49821470717965e-07
255.0 -5.0 0.5818475389543917 2.1246751587577214e-11
265.0 -5.0 0.6014824201092916 2.932258138561742e-12
275.0 -5.0 0.6275608357619463 1.6984008224839777e-13
285.0 -5.0 0.3294331600441638 0.0004146308732958813
295.0 -5.0 0.16267438076000892 0.08803373981571475
305.0 -5.0 0.4573689400575926 4.500739481498387e-07
315.0 -5.0 0.5819330626654551 2.1070266384275238e-11
325.0 -5.0 0.6819060016619449 1.7361237185122017e-16
335.0 -5.0 0.5614563167572694 1.4516645266621152e-10
345.0 -5.0 0.5055392507581319 1.5210239282799613e-08
355.0 -5.0 0.5927080194682769 7.223185700115344e-12
5.0 5.0 0.3040732351536702 0.0011764423017476514
15.0 5.0 0.259053505569296 0.006043090442426805
25.0 5.0 -0.159743741616808 0.09398805978312287
35.0 5.0 0.14678514561316564 0.12421720804954269
45.0 5.0 0.3692418795821862 6.661954288997421e-05
55.0 5.0 0.5245421844407994 3.438637431671076e-09
65.0 5.0 0.5470159139245935 5.241858298517862e-10
75.0 5.0 0.5356746348521217 1.3779029388319966e-09
85.0 5.0 0.21954835885823262 0.02060063682903738
95.0 5.0 0.3186498645820845 0.000653250953252862
105.0 5.0 -0.12940534879245894 0.1758526594720155
115.0 5.0 0.5763982128645398 3.5971493194382586e-11
125.0 5.0 0.20066884883720446 0.03470569533132223
135.0 5.0 -0.12298708270202476 0.1984537189629873
145.0 5.0 -0.0522930395170622 0.5856999805635421
155.0 5.0 0.280662911340529 0.002847784206566374
165.0 5.0 0.08624640214936356 0.36809112715819714
175.0 5.0 0.6117034870362462 9.904264951629996e-13
185.0 5.0 0.7815740128177137 4.443220410867874e-24
195.0 5.0 0.7813043026286474 4.714853717756262e-24
205.0 5.0 0.7507400247264959 2.3818048992330774e-21
215.0 5.0 0.7688980379404545 6.619074247316204e-23
225.0 5.0 0.7684991331764075 7.186172330818002e-23
235.0 5.0 0.785545568293301 1.836279832539741e-24
245.0 5.0 0.7546503247566116 1.130500689292752e-21
255.0 5.0 0.6195870061619544 4.173562892145961e-13
265.0 5.0 0.5423909699169511 7.807948460226322e-10
275.0 5.0 0.47906270236434495 1.0438411188769755e-07
285.0 5.0 0.6210903182668832 3.529716359577638e-13
295.0 5.0 0.3886909631625972 2.489372149892222e-05
305.0 5.0 0.06482707462159742 0.49905612000670707
315.0 5.0 -0.03352059041224436 0.726892838203539
325.0 5.0 0.5794726207491595 2.6758889565443947e-11
335.0 5.0 0.5567278167021198 2.225363896290181e-10
345.0 5.0 0.43629827236631225 1.6949689530566815e-06
355.0 5.0 0.356437703251689 0.00012318377081101396
5.0 15.0 -0.3730429857758822 5.522901161598372e-05
15.0 15.0 -0.44503021785941227 9.889763850659432e-07
25.0 15.0 -0.35251823764717016 0.00014792404458595124
35.0 15.0 -0.06484093927965082 0.4989641397832023
45.0 15.0 -0.018017225013475562 0.8511199341292905
55.0 15.0 0.048991309213190545 0.6096176189915379
65.0 15.0 0.22651455111258262 0.016819747387420196
75.0 15.0 0.06589927279553759 0.49196929779398746
85.0 15.0 -0.17128189392427232 0.0722647282399771
95.0 15.0 -0.1566817275317447 0.1005449476289438
105.0 15.0 -0.08662985070737626 0.3659575277502811
115.0 15.0 0.31310948576136066 0.0008198040168207946
125.0 15.0 0.35895853719912857 0.00010936645705699167
135.0 15.0 0.3064789893855208 0.001069767518756054
145.0 15.0 0.41357501485790094 6.4323448516643715e-06
155.0 15.0 0.365503271034482 7.993065643907573e-05
165.0 15.0 0.28100540237631966 0.0028126659536069844
175.0 15.0 0.1619390462147832 0.08949879329903619
185.0 15.0 0.34302709754229743 0.00022817962303131934
195.0 15.0 0.31495835022156976 0.0007603361360086278
205.0 15.0 0.3010686077224714 0.0013232533301501639
215.0 15.0 0.369204980087131 6.674015642366642e-05
225.0 15.0 0.4134567557473676 6.4755255023793976e-06
235.0 15.0 0.30466209628078395 0.0011494713783972142
245.0 15.0 0.14845494464377912 0.11994742081521964
255.0 15.0 0.2561914069949888 0.006646788822399957
265.0 15.0 0.3386408615128285 0.00027750539181858885
275.0 15.0 0.10705385043465249 0.2634252576797316
285.0 15.0 0.7117802464195715 2.013788127865842e-18
295.0 15.0 0.608591032060344 1.3840494507770993e-12
305.0 15.0 0.4928851782433784 3.89733879491906e-08
315.0 15.0 0.40574598848785215 9.962654248041707e-06
325.0 15.0 0.4822595374929102 8.343520138626682e-08
335.0 15.0 0.49071735325972127 4.561700908077848e-08
345.0 15.0 0.21675272837710727 0.02231180984245469
355.0 15.0 -0.14351164725173826 0.1329259377319267
5.0 25.0 -0.1965294465412974 0.0387026629323042
15.0 25.0 -0.01642443300780748 0.8641492044001325
25.0 25.0 0.0628215764933288 0.5124539334590217
35.0 25.0 0.10235303416855922 0.2850879720789305
45.0 25.0 0.272568205687959 0.0038014199222213343
55.0 25.0 0.1181942692821238 0.21664692857378007
65.0 25.0 0.26426205113059753 0.005068295038012729
75.0 25.0 0.3275267746597142 0.0004498767486186233
85.0 25.0 -0.255534701993213 0.006792627880830217
95.0 25.0 -0.2104606100991561 0.02661388400646546
105.0 25.0 -0.13635424105365568 0.15358189807064926
115.0 25.0 0.39882589092662635 1.4534129362380463e-05
125.0 25.0 0.34732365306857915 0.00018784551621387418
135.0 25.0 0.24276902784596072 0.010249247087575443
145.0 25.0 -0.06533337636904726 0.49570300783522214
155.0 25.0 0.26297395520047506 0.005295330555750031
165.0 25.0 0.30125872468805637 0.0013134916412495
175.0 25.0 0.4869844231418552 5.966701258491448e-08
185.0 25.0 0.5315887682119103 1.9349140124694044e-09
195.0 25.0 0.44663788795040227 8.941173233715152e-07
205.0 25.0 0.25843209887802915 0.006169857179927759
215.0 25.0 0.09481567989286785 0.3222380174064986
225.0 25.0 0.19378855735395417 0.04155604924524113
235.0 25.0 0.2260678122684021 0.01704278057132484
245.0 25.0 0.47263135993031785 1.626949402064631e-07
255.0 25.0 0.14888222431307052 0.1188732656013947
265.0 25.0 0.27501720385141676 0.003486452263951941
275.0 25.0 0.22437261840471676 0.017912539460872876
285.0 25.0 0.12785037942668448 0.18114618570801272
295.0 25.0 0.19978648210786493 0.03552721359370131
305.0 25.0 0.2029949088861837 0.03261637921019554
315.0 25.0 -0.023294986154438074 0.8082513011945387
325.0 25.0 0.32456213556781216 0.0005101989553426722
335.0 25.0 0.3350485588454105 0.00032505285441317486
345.0 25.0 -0.08319339768777724 0.38534999803278613
355.0 25.0 -0.1369720832829523 0.15170914440323452
5.0 35.0 0.14829140738406563 0.12036052149543833
15.0 35.0 0.23313349906752098 0.013799495947257732
25.0 35.0 0.12941595303572298 0.17581695466811198
35.0 35.0 0.17865955630704247 0.06063993155097646
45.0 35.0 0.24333573730602953 0.010068018116420297
55.0 35.0 0.3639416954468277 8.619277860905283e-05
65.0 35.0 0.33805687889248576 0.0002847694726882703
75.0 35.0 0.12969305869910303 0.1748858207257779
85.0 35.0 -0.13346287276762636 0.16257688827878675
95.0 35.0 0.08033894051254002 0.40191966399849754
105.0 35.0 -0.0539030490652044 0.57419511609763
115.0 35.0 0.30629264920797045 0.0010777034610667477
125.0 35.0 0.07352550281900287 0.4431355479058511
135.0 35.0 0.284521463137324 0.0024740509788296356
145.0 35.0 0.12884529250894552 0.17774597169444298
155.0 35.0 0.3517192933501335 0.00015350220759104044
165.0 35.0 0.2373704576808998 0.012124338220032317
175.0 35.0 0.1503883292697932 0.11514623243796415
185.0 35.0 0.23397632281122344 0.01345106530386524
195.0 35.0 0.22997930093336788 0.015174152352147878
205.0 35.0 0.2019492937259492 0.0335420458221825
215.0 35.0 0.4213804942815874 4.112743029005969e-06
225.0 35.0 0.4398149179859742 1.366826454998057e-06
235.0 35.0 0.2372485017747246 0.012169951161788508
245.0 35.0 0.11447478125570794 0.23155949536671264
255.0 35.0 0.23225072278289058 0.014172844838697525
265.0 35.0 0.2047015092616801 0.031151921048718636
275.0 35.0 0.10143137242422341 0.289470698101302
285.0 35.0 -0.049759769024154736 0.6040127772447902
295.0 35.0 0.10966441510467304 0.25189165118466367
305.0 35.0 0.18715071887488388 0.049200540514864735
315.0 35.0 0.13968081214008649 0.14370064792058881
325.0 35.0 0.3747204320672804 5.0805020005317016e-05
335.0 35.0 0.37562180259392647 4.8566841979197825e-05
345.0 35.0 0.20862492576765773 0.02799493673044888
355.0 35.0 0.24630664549958697 0.009163250506300376
5.0 45.0 0.023870389546093128 0.8036093175593603
15.0 45.0 0.08584148960294259 0.37035242904245613
25.0 45.0 0.04828751555752979 0.6147707137632118
35.0 45.0 0.02320974417879558 0.8089395491655015
45.0 45.0 0.08781976848139644 0.3593851297940456
55.0 45.0 0.2349206949116986 0.013069784556758947
65.0 45.0 0.2036651823618327 0.03203441855605892
75.0 45.0 0.19557986651733128 0.039672041808612835
85.0 45.0 0.2362166126046172 0.012561929592745548
95.0 45.0 0.07340524156111772 0.4438837891210613
105.0 45.0 0.09412789406846533 0.3257764522031169
115.0 45.0 0.047697974073566185 0.6191017585502359
125.0 45.0 -0.031454608294435825 0.7431199229209133
135.0 45.0 0.059334242458909156 0.5361838851401888
145.0 45.0 0.23827715581738407 0.011789882095625832
155.0 45.0 0.5566653063745385 2.2378673660997197e-10
165.0 45.0 0.5799002039332968 2.567389798583401e-11
175.0 45.0 0.006875151493791278 0.9429082254501271
185.0 45.0 0.40276506821438496 1.1734755350598909e-05
195.0 45.0 0.2567872493304782 0.00651687514534544
205.0 45.0 0.3105190972993476 0.0009102926163692069
215.0 45.0 0.2753569789119029 0.0034446556285705264
225.0 45.0 0.285066424501121 0.002424995485013391
235.0 45.0 0.4138574683733215 6.3303075423504165e-06
245.0 45.0 0.048151080993098394 0.615771855507186
255.0 45.0 0.06198693652398227 0.5180837737189032
265.0 45.0 0.16171504053875432 0.08994892091235757
275.0 45.0 0.10677709935895624 0.2646686905048148
285.0 45.0 0.292707234308358 0.001823732874394302
295.0 45.0 0.2563416085173777 0.006613825207066361
305.0 45.0 0.10662104586460425 0.2653715895376062
315.0 45.0 0.26839551574717174 0.004397195295210979
325.0 45.0 0.08907729897008455 0.3525193213162956
335.0 45.0 0.18266440847859908 0.05499939998628351
345.0 45.0 0.1813867311173705 0.056750052656529264
355.0 45.0 -0.12490821085213778 0.191479559871626
5.0 55.0 0.253040229343336 0.007372767733823677
15.0 55.0 0.27674088904694655 0.0032790249342199715
25.0 55.0 0.20062987413796646 0.034741641562509
35.0 55.0 0.26172560989334887 0.0055239581989852005
45.0 55.0 0.19230376683914424 0.04317377078553374
55.0 55.0 0.13886937987690612 0.14606539642698274
65.0 55.0 0.06471263016563862 0.49981570092605176
75.0 55.0 0.0331809927911942 0.7295521168788286
85.0 55.0 0.07782506574585589 0.41685555423978216
95.0 55.0 0.0980947150822905 0.3057098695458826
105.0 55.0 0.006916864645079898 0.9425624252183402
115.0 55.0 -0.08909453567582591 0.35242578551087855
125.0 55.0 0.18099109313489137 0.0573013305973108
135.0 55.0 0.2854646814288142 0.002389702859501117
145.0 55.0 0.41946031189045635 4.595847446447399e-06
155.0 55.0 0.20306388411683582 0.032556082663353046
165.0 55.0 0.3924679009672121 2.0412246914333306e-05
175.0 55.0 0.45440187992278774 5.454181651775033e-07
185.0 55.0 0.4950645691041201 3.323268644765327e-08
195.0 55.0 0.529019359875759 2.3899130195347257e-09
205.0 55.0 0.3937617232160661 1.9059859732905017e-05
215.0 55.0 0.46877325073233345 2.1140582259147776e-07
225.0 55.0 0.516456088073177 6.5465254488265086e-09
235.0 55.0 0.36916659839676247 6.68658310007749e-05
245.0 55.0 -0.07422214005846167 0.4388152243668839
255.0 55.0 -0.04270112697674223 0.6563236229343055
265.0 55.0 0.2399808272436349 0.011183216668782468
275.0 55.0 0.46057864338014953 3.6485725078007613e-07
285.0 55.0 0.3319137409566375 0.00037257464894265545
295.0 55.0 0.29795103203267614 0.0014930323289136602
305.0 55.0 0.1517517373154539 0.11185107116067178
315.0 55.0 0.041518041236091346 0.6652656177135837
325.0 55.0 -0.03754246558522668 0.6956531664847134
335.0 55.0 -0.08121518824778817 0.3967889043974018
345.0 55.0 0.18170493617002417 0.056309833480017925
355.0 55.0 0.2413037824205107 0.010731156070086038
5.0 65.0 0.3685726164512302 6.883909711754398e-05
15.0 65.0 0.5116992267678927 9.486983056648118e-09
25.0 65.0 0.21069735638388482 0.026440068741489277
35.0 65.0 0.33810256619580176 0.00028419490204901316
45.0 65.0 0.1628696206142251 0.08764797251852262
55.0 65.0 -0.022813841020163407 0.8121379940019273
65.0 65.0 -0.13748224239318577 0.15017576116279988
75.0 65.0 -0.1128921290321907 0.23811797182252767
85.0 65.0 -0.05875111488724493 0.5402043997997734
95.0 65.0 -0.08882748107783746 0.35387670903057133
105.0 65.0 -0.08273414383461836 0.38798774112266754
115.0 65.0 0.06081185278205161 0.5260631058898045
125.0 65.0 0.050137106399770356 0.601269009906941
135.0 65.0 0.20416267212212635 0.03160817235527887
145.0 65.0 0.3306684776777528 0.00039316911819230535
155.0 65.0 0.22328920118843446 0.018488276355906
165.0 65.0 0.06081216149533127 0.5260610014872287
175.0 65.0 0.0512823225392524 0.5929758833440595
185.0 65.0 0.008257307146165217 0.9314562519025088
195.0 65.0 0.2193919922800883 0.020693276726037803
205.0 65.0 0.30101695531969946 0.0013259168382102524
215.0 65.0 0.12752257359546354 0.18227685702376914
225.0 65.0 0.04402775694946057 0.6463541821444327
235.0 65.0 0.2432769277743537 0.010086693138017638
245.0 65.0 0.07493259161011563 0.4344339150152918
255.0 65.0 0.1111359761766876 0.24554555093466587
265.0 65.0 0.23690366845756936 0.012299735257353736
275.0 65.0 0.274149709645602 0.003595236869980525
285.0 65.0 0.24237074540820797 0.010378321951159262
295.0 65.0 -0.09785689246111598 0.30688963750882403
305.0 65.0 -0.07423867832367147 0.43871295016627754
315.0 65.0 0.20747130065958452 0.028893656095606943
325.0 65.0 -0.04858851137643979 0.6125645427362502
335.0 65.0 0.2236550273838599 0.018292112585229024
345.0 65.0 0.2287736379363918 0.015730185519313756
355.0 65.0 0.1463320340000304 0.12539577981036162
5.0 75.0 0.0531117040004876 0.5798367494507513
15.0 75.0 0.1705072887183657 0.07358317943332814
25.0 75.0 0.052556863763808546 0.5838075232114022
35.0 75.0 0.17307734847494355 0.06928198519696777
45.0 75.0 0.11122947190275131 0.245146121292703
55.0 75.0 0.2587438258881283 0.006105972820865276
65.0 75.0 0.3263331183154619 0.00047332791119694434
75.0 75.0 0.42465465186969814 3.3978232714769593e-06
85.0 75.0 0.2520515369684336 0.0076145718020500935
95.0 75.0 0.209259822320664 0.02751054423020264
105.0 75.0 0.23136945753498334 0.014554290599912235
115.0 75.0 0.16657078679591686 0.08058617548180323
125.0 75.0 0.27138352544673205 0.003962743823092748
135.0 75.0 0.2910743274378142 0.0019395070638636084
145.0 75.0 0.26335644259058494 0.005226987168247277
155.0 75.0 0.1617928874410055 0.08979228836481719
165.0 75.0 0.11217630100132406 0.2411264266730881
175.0 75.0 0.021127119784688085 0.8257988258767024
185.0 75.0 -0.023037269669990507 0.810332562366963
195.0 75.0 0.13729523532586604 0.15073648867618838
205.0 75.0 0.05989437232758168 0.5323359715196094
215.0 75.0 0.13845467287630656 0.1472852566230732
225.0 75.0 0.33991875897232576 0.00026220316595110043
235.0 75.0 0.3306819775180418 0.000392940339371801
245.0 75.0 0.38017840865014974 3.8595872610724515e-05
255.0 75.0 0.37491415845539416 5.031600038908145e-05
265.0 75.0 0.4861949543260225 6.312738020565147e-08
275.0 75.0 0.5325430371713974 1.7881390396861655e-09
285.0 75.0 0.43540300767096474 1.7897200022123574e-06
295.0 75.0 0.3490617892613698 0.000173492632914833
305.0 75.0 0.16227529930409368 0.08882647033885951
315.0 75.0 0.4120331331185894 7.017267503310525e-06
325.0 75.0 0.4986617476114055 2.5484859213680612e-08
335.0 75.0 0.2826007436430575 0.002654168060444448
345.0 75.0 0.21595153550188187 0.022824133674534317
355.0 75.0 0.2965906926782437 0.0015731331568814484
5.0 85.0 -0.11393513709136519 0.2337814013869717
15.0 85.0 -0.14152752155963907 0.13842686932489415
25.0 85.0 -0.030545884835876533 0.7502936994891518
35.0 85.0 0.017720090796805758 0.8535476058105728
45.0 85.0 -0.0019134814151981691 0.9840979495107526
55.0 85.0 0.04505579538270345 0.6386713362094476
65.0 85.0 0.11374695695790774 0.23455969846451813
75.0 85.0 0.1493450498460876 0.11771815616872042
85.0 85.0 0.14150951894826932 0.13847756092354155
95.0 85.0 0.19630387041099306 0.03893112618228796
105.0 85.0 0.18518705006294622 0.05167323610766408
115.0 85.0 0.1675229962982533 0.07884510093971316
125.0 85.0 0.15180894814440654 0.11171442160464273
135.0 85.0 0.1957574731011113 0.03948920287511168
145.0 85.0 0.26981854180606313 0.004185244829282281
155.0 85.0 0.327256699945472 0.00045508717157514294
165.0 85.0 0.32101994030675657 0.0005919850711775758
175.0 85.0 0.3600956463103951 0.00010361810924620928
185.0 85.0 0.37897342908431003 4.102765170719941e-05
195.0 85.0 0.3758713981346618 4.796357112960935e-05
205.0 85.0 0.3560776887969845 0.00012528456972769528
215.0 85.0 0.2697685287520594 0.0041925361409003515
225.0 85.0 0.245819764434962 0.009306435012726301
235.0 85.0 0.2523320591395994 0.007545262240635318
245.0 85.0 0.25524770595408947 0.0068572485947273045
255.0 85.0 0.2418811884767879 0.01053892948418891
265.0 85.0 0.23366775981173268 0.01357772796803688
275.0 85.0 0.2073125050008989 0.029019261379588664
285.0 85.0 0.14157920296496196 0.13828142360111356
295.0 85.0 0.1104340150508274 0.24855882542645003
305.0 85.0 0.12805877619005215 0.18043005603325252
315.0 85.0 -0.00016728299085287847 0.9986096990994677
325.0 85.0 -0.07646521586889349 0.4250676700345808
335.0 85.0 -0.0032182529098076615 0.9732577960188992
345.0 85.0 -0.06095324697850168 0.5250997098211596
355.0 85.0 -0.06355059799264738 0.5075623781527554
