5.0 -55.0 0.4815946935447629 8.743058575557347e-08
15.0 -55.0 0.5995462909954968 3.5860694314716745e-12
25.0 -55.0 0.7530347182241884 1.5406971708232571e-21
35.0 -55.0 0.672078659144895 6.716145138260419e-16
45.0 -55.0 0.37641432260444974 4.6675436111753484e-05
55.0 -55.0 0.5232595094504866 3.812695690921165e-09
65.0 -55.0 0.7045659951444472 6.215478272801585e-18
75.0 -55.0 0.7830452242677056 3.2098123337520004e-24
85.0 -55.0 0.707530070038051 3.9279614126081675e-18
95.0 -55.0 0.3236897847221025 0.0005293152225208931
105.0 -55.0 0.42822740968041745 2.7524040470337035e-06
115.0 -55.0 0.43148680937633965 2.2663833465078386e-06
125.0 -55.0 0.40287580572773046 1.1663931722373892e-05
135.0 -55.0 0.46908655846749586 2.0698180849707913e-07
145.0 -55.0 0.4109982303620641 7.437616410003316e-06
155.0 -55.0 0.13736321540936827 0.15053247341329878
165.0 -55.0 0.12926154823802702 0.17633736680787263
175.0 -55.0 0.065608096084891 0.49388858264330393
185.0 -55.0 0.17126534082763184 0.0722927023400826
195.0 -55.0 0.08975490021653444 0.34885395596219904
205.0 -55.0 0.4056686728015286 1.0005245730702823e-05
215.0 -55.0 0.38777470538058145 2.6112155873924818e-05
225.0 -55.0 0.510890807666303 1.0098689000935523e-08
235.0 -55.0 0.5867333539673172 1.3141562639660396e-11
245.0 -55.0 0.6386486021909015 4.6570266381280343e-14
255.0 -55.0 0.6005392608951399 3.2348880516555905e-12
265.0 -55.0 0.6840931679432452 1.2755388425558595e-16
275.0 -55.0 0.6146022566256529 7.228241419624706e-13
285.0 -55.0 0.5039739816507763 1.7123230018296184e-08
295.0 -55.0 0.1830632405062686 0.05446210889776924
305.0 -55.0 0.20968879682486727 0.02718731087362572
315.0 -55.0 0.23912597616354536 0.011484117104962705
325.0 -55.0 0.43787738626920286 1.5393207768517054e-06
335.0 -55.0 0.4254722459138501 3.2385930857088772e-06
345.0 -55.0 0.46320037992145835 3.068793644220847e-07
355.0 -55.0 0.4132185402270016 6.563338110267302e-06
5.0 -45.0 -0.08144509918668394 0.3954491726007704
15.0 -45.0 0.02700654246908753 0.778432764561527
25.0 -45.0 -0.1878312930682477 0.048366733751833556
35.0 -45.0 0.1957057594661458 0.03954236707248511
45.0 -45.0 0.3024890578020099 0.0012518874378361685
55.0 -45.0 0.39118745469261157 2.1838953599814506e-05
65.0 -45.0 0.17962234734453292 0.05924250306106626
75.0 -45.0 -0.3781085552724241 4.286063788719728e-05
85.0 -45.0 -0.28684215943814745 0.0022711805272875494
95.0 -45.0 -0.05551258184542365 0.5628002559622465
105.0 -45.0 0.07994094183611655 0.40426299906581453
115.0 -45.0 0.12016260857272981 0.20903700773226877
125.0 -45.0 0.021976006060702453 0.818916882891191
135.0 -45.0 -0.033777195788550034 0.7248855928295679
145.0 -45.0 -0.20044803178417667 0.034909768837450526
155.0 -45.0 0.15674093371287962 0.10041484339465208
165.0 -45.0 0.017452057397596477 0.8557386901339548
175.0 -45.0 -0.4222358630594643 3.913358703569984e-06
185.0 -45.0 -0.07702473025837284 0.4216775441365156
195.0 -45.0 0.07599527519250888 0.42792715588939656
205.0 -45.0 0.03789713432168386 0.6929216842788918
215.0 -45.0 0.1360966576260453 0.15436776376187503
225.0 -45.0 0.24931633356806585 0.00832042621948752
235.0 -45.0 0.1406778812307733 0.14083468579958552
245.0 -45.0 0.2592532039129207 0.006002846193418814
255.0 -45.0 0.023732578337564855 0.804720474177353
265.0 -45.0 0.16980315921836234 0.07479844189495179
275.0 -45.0 0.19790001702712345 0.03733857209658939
285.0 -45.0 0.25568152798122906 0.0067597773228912856
295.0 -45.0 0.3500510231268555 0.00016578498129821083
305.0 -45.0 0.3395202741454182 0.00026688902130747306
315.0 -45.0 0.42659794054161376 3.0308738549311436e-06
325.0 -45.0 0.2908539588259597 0.001955630778738817
335.0 -45.0 0.22299649032417473 0.01864653904403813
345.0 -45.0 0.2394173928118697 0.011380754287644979
355.0 -45.0 0.1404847447301868 0.14138642337496468
5.0 -35.0 0.045799560087149686 0.633136644181123
15.0 -35.0 -0.2279202632816481 0.01613435309676587
25.0 -35.0 -0.08686517278633414 0.3646519157332172
35.0 -35.0 0.08766240245987875 0.3602501044795049
45.0 -35.0 0.11210066195905598 0.24144585445872507
55.0 -35.0 0.2924871779985215 0.0018389609873687071
65.0 -35.0 0.2687241776913543 0.004347408938203101
75.0 -35.0 0.005845172991080024 0.951449908407594
85.0 -35.0 -0.20527681208913082 0.03067095731061898
95.0 -35.0 -0.0820367029705981 0.3920142080241401
105.0 -35.0 0.12730302210850922 0.18303701693458896
115.0 -35.0 0.07812528143358853 0.4150550710939197
125.0 -35.0 0.3081161677124716 0.001002300357785711
135.0 -35.0 0.2623364379901263 0.005411013271192672
145.0 -35.0 0.44276862566884373 1.1387058993300692e-06
155.0 -35.0 0.4649747277129352 2.7273886747328407e-07
165.0 -35.0 0.45263805056142303 6.108909798990952e-07
175.0 -35.0 0.5986893529342548 3.918526617051687e-12
185.0 -35.0 0.21813357273453912 0.021451957807563288
195.0 -35.0 0.1793814953119579 0.059589587920488046
205.0 -35.0 0.07634474356554584 0.42579966647465217
215.0 -35.0 0.01296351757657127 0.8925812644483233
225.0 -35.0 0.24788814597387698 0.00871144418381909
235.0 -35.0 0.18817479979699248 0.047950351021915825
245.0 -35.0 0.353565695219431 0.00014089571358204262
255.0 -35.0 0.44445369441895816 1.025263243570037e-06
265.0 -35.0 0.4729093621677437 1.596335001650703e-07
275.0 -35.0 0.553331917140072 3.012066305563074e-10
285.0 -35.0 0.406817680229181 9.389595171389506e-06
295.0 -35.0 0.2539435444596576 0.007157808464179291
305.0 -35.0 0.18769670863736665 0.04853068516074214
315.0 -35.0 0.12941161012944374 0.17583157671861943
325.0 -35.0 0.0885235132674485 0.35553270707792306
335.0 -35.0 0.09564920090212412 0.3179830980802785
345.0 -35.0 0.09503398014053614 0.32112012358273134
355.0 -35.0 0.32613782220055576 0.0004772701385981837
5.0 -25.0 0.175179236391226 0.06591770230128904
15.0 -25.0 -0.00037325310392006975 0.9968978729185833
25.0 -25.0 -0.1689317129310326 0.07632480654325634
35.0 -25.0 0.236560638425756 0.012430038672038762
45.0 -25.0 0.3173274767155221 0.0006899100328058839
55.0 -25.0 0.27597705559324737 0.003369536116342829
65.0 -25.0 -0.19091684118878402 0.04473194333390872
75.0 -25.0 -0.031314693547566476 0.744223044211398
85.0 -25.0 0.20378398640001347 0.031932188883977114
95.0 -25.0 0.2126139095700599 0.025068242313681374
105.0 -25.0 0.2612548990841138 0.005612421161018817
115.0 -25.0 0.001322684839140459 0.9890074091844456
125.0 -25.0 0.08896472545215593 0.35313058782131446
135.0 -25.0 0.24107587372219988 0.010807872086296133
145.0 -25.0 0.3266362791485901 0.0004672676382810293
155.0 -25.0 0.3110112242460793 0.0008924290710593977
165.0 -25.0 0.5818556814435516 2.122988762953737e-11
175.0 -25.0 0.628452113635557 1.5335514928646687e-13
185.0 -25.0 0.6938200209941146 3.132314212101289e-17
195.0 -25.0 0.5909195365387254 8.651517089054871e-12
205.0 -25.0 0.4253192044200289 3.267851309662064e-06
215.0 -25.0 0.041826686475646885 0.6629282209152445
225.0 -25.0 -0.16172853374250806 0.08992175626529629
235.0 -25.0 0.37452931421575747 5.129180448634821e-05
245.0 -25.0 0.5888364220850143 1.0660112345484714e-11
255.0 -25.0 0.5480525163018882 4.790011482149241e-10
265.0 -25.0 0.40502569411161626 1.0366150733012557e-05
275.0 -25.0 0.25164808048191745 0.0077152418999441
285.0 -25.0 -0.04098708010896296 0.6692941378167838
295.0 -25.0 0.03213752094846015 0.7377431758416311
305.0 -25.0 0.2887821117920225 0.0021132614480367947
315.0 -25.0 0.2676732683853076 0.004508397235957008
325.0 -25.0 0.1975540557424461 0.03767903206496922
335.0 -25.0 0.13721656643268146 0.15097284150256696
345.0 -25.0 0.466176722443737 2.517004760092005e-07
355.0 -25.0 0.24675622191896143 0.009032762333049496
5.0 -15.0 0.013110984122675985 0.891366754270885
15.0 -15.0 -0.03585822590117034 0.7086770369386635
25.0 -15.0 0.20101264046828382 0.03438997219733577
35.0 -15.0 0.248564216915556 0.00852437123912556
45.0 -15.0 0.12128236355140602 0.204794052841683
55.0 -15.0 0.14293004972895906 0.13452081942748675
65.0 -15.0 -0.04999311087667104 0.6023154029001033
75.0 -15.0 0.06658030596633803 0.48749573699580717
85.0 -15.0 0.2929439996480282 0.0018074761698471762
95.0 -15.0 0.33721449842710993 0.0002955575787919581
105.0 -15.0 0.46123301747780193 3.4948069885748186e-07
115.0 -15.0 0.25992793110735074 0.005868627346153238
125.0 -15.0 0.11973550215113678 0.21067182370932422
135.0 -15.0 0.08186744326411065 0.39299513461181357
145.0 -15.0 0.30279616022631506 0.0012369264865534062
155.0 -15.0 0.6744156441926807 4.891501947278402e-16
165.0 -15.0 0.5333743657777994 1.6690441733947151e-09
175.0 -15.0 0.4231630285006057 3.7075714120654586e-06
185.0 -15.0 0.18496283294206645 0.051961986681473955
195.0 -15.0 0.18581853928103678 0.050867102491342485
205.0 -15.0 0.45217190076608255 6.294038111300834e-07
215.0 -15.0 0.564921636262763 1.056891698433099e-10
225.0 -15.0 0.5332751493912967 1.6828466938124008e-09
235.0 -15.0 0.4816043888295755 8.737103117620109e-08
245.0 -15.0 0.20337761628895382 0.032283011990538416
255.0 -15.0 0.08834220427821506 0.35652275894438035
265.0 -15.0 -0.2772208254579966 0.003223277684106863
275.0 -15.0 -0.08378696710125748 0.3819568639322428
285.0 -15.0 0.2529771226740332 0.007387996266585929
295.0 -15.0 0.039297464369414885 0.6821757391837207
305.0 -15.0 0.18958026437859246 0.04627753351699376
315.0 -15.0 0.18794343743384065 0.04823046959361506
325.0 -15.0 0.4900108581451857 4.800680228831311e-08
335.0 -15.0 0.4099061311002064 7.90687989195389e-06
345.0 -15.0 0.2619539423631528 0.005481495240161651
355.0 -15.0 0.27435966400182926 0.003568632775877437
5.0 -5.0 0.3973257323886943 1.5756692480020343e-05
15.0 -5.0 -0.2706033088812563 0.004072311109451958
25.0 -5.0 0.31015053128734016 0.000923884407511276
35.0 -5.0 0.11350659841942617 0.23555643065917947
45.0 -5.0 -0.014666164611723449 0.8785743786198945
55.0 -5.0 0.21947178955437874 0.020645955912612216
65.0 -5.0 0.33099399204871394 0.00038768675591960733
75.0 -5.0 0.3646492288509355 8.330089077884644e-05
85.0 -5.0 0.2892934973481248 0.0020733211655501616
95.0 -5.0 0.40994554456602783 7.889469627792646e-06
105.0 -5.0 0.5503901474611846 3.9044574812335696e-10
115.0 -5.0 0.6157047837480019 6.406744914916763e-13
125.0 -5.0 0.6750878222521511 4.462823903417456e-16
135.0 -5.0 0.6058329643054121 1.8561639091518284e-12
145.0 -5.0 -0.43982125751010026 1.3662933930109363e-06
155.0 -5.0 0.20584047883596654 0.030205835306351986
165.0 -5.0 0.5508767429694488 3.741064274453656e-10
175.0 -5.0 0.6267371892189317 1.8659119798526101e-13
185.0 -5.0 0.6537552735092985 7.324628521799608e-15
195.0 -5.0 0.6285918373447842 1.509155824158889e-13
205.0 -5.0 0.5482813891048797 4.695424293631546e-10
215.0 -5.0 0.4400469186501721 1.3474464558912608e-06
225.0 -5.0 0.4767961481708326 1.221831636047924e-07
235.0 -5.0 0.5099932733358707 1.082207802051515e-08
245.0 -5.0 0.4833260153042778 7.738795518916423e-08
255.0 -5.0 0.5873002068240808 1.2422653525056515e-11
265.0 -5.0 0.6106548295859401 1.109084113309991e-12
275.0 -5.0 0.5656780352490025 9.856704259727314e-11
285.0 -5.0 0.3295883074974066 0.00041187741022135314
295.0 -5.0 0.13631022149994124 0.15371598513874685
305.0 -5.0 0.4721550508358446 1.68070719990853e-07
315.0 -5.0 0.5792277709435472 2.7399980344120107e-11
325.0 -5.0 0.679475723026216 2.437786191940491e-16
335.0 -5.0 0.54811306066564 4.764813234652257e-10
345.0 -5.0 0.5003228936147095 2.252140370448511e-08
355.0 -5.0 0.5886374886510023 1.0873936383683245e-11
5.0 5.0 0.3244370189719154 0.000512901146516004
15.0 5.0 0.28619268366210054 0.002326385291003517
25.0 5.0 -0.14834056694781933 0.12023622747087961
35.0 5.0 0.19559043705198234 0.03966114006862094
45.0 5.0 0.41961181781286766 4.555862411678269e-06
55.0 5.0 0.5313835239344246 1.96796105980316e-09
65.0 5.0 0.5627911754306377 1.2851671453927783e-10
75.0 5.0 0.5529175399863716 3.1246775882424347e-10
85.0 5.0 0.22069152402671718 0.0199341355106614
95.0 5.0 0.31852788052240516 0.0006565562256221548
105.0 5.0 -0.05343626788600449 0.5775197786202183
115.0 5.0 0.5259927340863289 3.0580607864612197e-09
125.0 5.0 0.2599828729192718 0.00585781651037076
135.0 5.0 0.24976686672136414 0.008200331389451075
145.0 5.0 -0.027748839768844347 0.7725060737340399
155.0 5.0 0.2306863679596326 0.01485606893742745
165.0 5.0 0.4188625929707214 4.756852445716744e-06
175.0 5.0 0.6055004031770962 1.9226618746269283e-12
185.0 5.0 0.775562729785323 1.6351134593039086e-23
195.0 5.0 0.7797028951711003 6.694704777538448e-24
205.0 5.0 0.7574303635558777 6.598885197108338e-22
215.0 5.0 0.7681729233764081 7.684914418949647e-23
225.0 5.0 0.7496064185207884 2.9485707695437294e-21
235.0 5.0 0.761511645891637 2.9545109056619906e-22
245.0 5.0 0.7431128853035224 9.800655244434926e-21
255.0 5.0 0.6339317377701934 8.126921259217133e-14
265.0 5.0 0.5214330829507765 4.413348883591338e-09
275.0 5.0 0.38996209347098293 2.329147711433485e-05
285.0 5.0 0.6114795756234337 1.0146830562140035e-12
295.0 5.0 0.40416085621157555 1.087094793864686e-05
305.0 5.0 0.5259042079609477 3.080078868571302e-09
315.0 5.0 0.3381137139323292 0.0002840548690286438
325.0 5.0 0.6059287530377121 1.8374265323715305e-12
335.0 5.0 0.5674035923435963 8.400875175442591e-11
345.0 5.0 0.43508492109503005 1.82457715511783e-06
355.0 5.0 0.3661508498941841 7.746037115746607e-05
5.0 15.0 -0.36555727104335445 7.972189228915088e-05
15.0 15.0 -0.45941470202667406 3.938115401915018e-07
25.0 15.0 -0.3681489064867821 7.027975813703593e-05
35.0 15.0 -0.0535403937123599 0.5767773653267464
45.0 15.0 -0.01961797335669969 0.8380658445800446
55.0 15.0 -0.005063597809008369 0.9579352904672014
65.0 15.0 0.23993826636966903 0.01119803276632319
75.0 15.0 0.06538655081509917 0.4953515360509624
85.0 15.0 -0.13676126970660418 0.15234620817815697
95.0 15.0 -0.08264685901126011 0.3884902891727997
105.0 15.0 0.15269158398880872 0.10962264289371003
115.0 15.0 0.416937290294064 5.312441140900094e-06
125.0 15.0 0.36648689975878557 7.620669109048065e-05
135.0 15.0 0.25863873507749896 0.00612744385173692
145.0 15.0 0.3493309164345467 0.00017136345592344695
155.0 15.0 0.2815489959079754 0.002757727257944505
165.0 15.0 0.18887013499868824 0.047116587927065655
175.0 15.0 0.22563216389343613 0.017262736824799087
185.0 15.0 0.2684609172308725 0.0043872477277500065
195.0 15.0 0.23171433209494405 0.014403965414775986
205.0 15.0 0.26316072637004045 0.005261859213160597
215.0 15.0 0.3215178962876012 0.0005798032200093099
225.0 15.0 0.35499993701682253 0.00013177433910967735
235.0 15.0 0.2803799515675031 0.0028770955308592607
245.0 15.0 0.13254567315179888 0.16551060100975684
255.0 15.0 0.27109391871169697 0.0040031019197183946
265.0 15.0 0.29630405494160034 0.0015905010211038917
275.0 15.0 0.06255758379539976 0.5142312180273432
285.0 15.0 0.6877985706916722 7.519491598390177e-17
295.0 15.0 0.6032590093974314 2.4348408271750086e-12
305.0 15.0 0.5863957190222215 1.3588684004774153e-11
315.0 15.0 0.4153443561308622 5.817868064077905e-06
325.0 15.0 0.4965389454059175 2.9817746280655785e-08
335.0 15.0 0.5074802501249299 1.312127381974782e-08
345.0 15.0 0.22116879483486712 0.01966141356052223
355.0 15.0 -0.15414075292050497 0.1062545901325601
5.0 25.0 -0.16756638087167597 0.07876649865406508
15.0 25.0 -0.02622066388627027 0.7847212918369407
25.0 25.0 0.05703698443044901 0.5521083252278778
35.0 25.0 0.10945266868051856 0.2528140050819379
45.0 25.0 0.2725628860411536 0.003802130972848092
55.0 25.0 0.15040749887239885 0.11509938607052496
65.0 25.0 0.33118443466629854 0.00038451204445251263
75.0 25.0 0.3247507504585701 0.0005061500930808441
85.0 25.0 -0.1658549156213138 0.08191528479186255
95.0 25.0 -0.21612430933421886 0.02271280891734298
105.0 25.0 0.10586306710927551 0.2688037198594563
115.0 25.0 0.40191373495226435 1.2292909787849095e-05
125.0 25.0 0.35184171772959416 0.00015263497042363367
135.0 25.0 0.2571804980555696 0.006432372225529951
145.0 25.0 0.10431080166210192 0.27592583867732207
155.0 25.0 0.22029864720588446 0.02016107066009937
165.0 25.0 0.28455953290310604 0.002470595205041715
175.0 25.0 0.4737294544418911 1.5091914666000604e-07
185.0 25.0 0.5225538626314538 4.034819493227193e-09
195.0 25.0 0.4416845777479624 1.2178757114865776e-06
205.0 25.0 0.27413409720362425 0.0035972222682110508
215.0 25.0 0.2597713124120989 0.005899542421191629
225.0 25.0 0.25600743786598684 0.0066873615698062865
235.0 25.0 0.24117782494154016 0.010773495206983728
245.0 25.0 0.4883907804265049 5.39468796019106e-08
255.0 25.0 0.13735381031311536 0.15056068670022515
265.0 25.0 0.26301213255728445 0.0052884733955003895
275.0 25.0 0.2360251605532004 0.012635855418675733
285.0 25.0 0.12416644600917917 0.1941509661278057
295.0 25.0 0.2012539775900429 0.03416978740938118
305.0 25.0 0.1724150781957884 0.07037037488823505
315.0 25.0 0.29502035641469715 0.001670437657689976
325.0 25.0 0.32410168636877595 0.0005202084614737266
335.0 25.0 0.30599126495297485 0.00109065268078672
345.0 25.0 -0.04786993456560304 0.6178371003904048
355.0 25.0 -0.13616489815962027 0.1541592747754039
5.0 35.0 0.12680819883350006 0.18475874913803567
15.0 35.0 0.22945387398112405 0.015414337244869278
25.0 35.0 0.15711423160799953 0.09959757493776461
35.0 35.0 0.18189092676494004 0.05605382660716648
45.0 35.0 0.23705307321260277 0.012243356437839486
55.0 35.0 0.33568678474133457 0.00031609102421587725
65.0 35.0 0.32262740203165974 0.0005534838832718041
75.0 35.0 0.12108299023313221 0.2055449598846919
85.0 35.0 -0.14123999507014937 0.13923817110169542
95.0 35.0 0.14054064074698472 0.14122657574937278
105.0 35.0 -0.04058890972973688 0.6723213230549017
115.0 35.0 0.2460533551283234 0.009237495611568012
125.0 35.0 -0.02934850464178236 0.7597787513784123
135.0 35.0 0.18702287409526447 0.04935848927135137
145.0 35.0 0.28077101886388894 0.002836656702610604
155.0 35.0 0.3756199859013093 4.857125880100715e-05
165.0 35.0 0.22971766955620496 0.015293340813643173
175.0 35.0 0.1380340584200471 0.14853032321483622
185.0 35.0 0.22573040177719939 0.017212923848808945
195.0 35.0 0.20849244264479141 0.028096923448319544
205.0 35.0 0.16401189514414324 0.08541787010645797
215.0 35.0 0.4065223508241853 9.544335709717277e-06
225.0 35.0 0.48299518008578357 7.921761589304427e-08
235.0 35.0 0.31679483486012766 0.0007052013203425831
245.0 35.0 0.19470220901227075 0.04058598810299856
255.0 35.0 0.27687290245567153 0.003263605139310871
265.0 35.0 0.18125714064663961 0.05693014136620023
275.0 35.0 0.12131710061080309 0.20466342287408296
285.0 35.0 -0.09476311488895468 0.32250757119231177
295.0 35.0 0.040125798556183194 0.6758488349111635
305.0 35.0 0.20293514819774466 0.032668696851285914
315.0 35.0 0.15670137742498733 0.10050175275475719
325.0 35.0 0.3573475904410579 0.00011801936110031414
335.0 35.0 0.33970831360164944 0.000264668269089066
345.0 35.0 0.18292114359968278 0.05465303905303985
355.0 35.0 0.2154150688788478 0.023172783681867558
5.0 45.0 0.041133775318668415 0.6681801838674535
15.0 45.0 0.11239375782362965 0.2402097296374834
25.0 45.0 0.07812882486085049 0.41503384720227954
35.0 45.0 -0.011627005844564137 0.9035995459431426
45.0 45.0 0.10899240984471872 0.25482685975561553
55.0 45.0 0.15544153270937464 0.10330082003190208
65.0 45.0 0.1914250874521553 0.04415559838768165
75.0 45.0 0.2008758174501709 0.03451533332588062
85.0 45.0 0.2503586114577122 0.008044920407716092
95.0 45.0 0.08356696316011335 0.38321240100977016
105.0 45.0 0.21806860450379137 0.021491766149738106
115.0 45.0 0.03893706566488781 0.684935428010487
125.0 45.0 0.053871758906224206 0.5744177014371437
135.0 45.0 0.0216704469678216 0.8213925030694363
145.0 45.0 0.251652287718497 0.007714186074703937
155.0 45.0 0.5495801033391217 4.19180496217006e-10
165.0 45.0 0.5820042728849145 2.092439858594153e-11
175.0 45.0 0.5739603267405544 4.538399500245599e-11
185.0 45.0 0.40910987690810824 8.266465451103595e-06
195.0 45.0 0.2681394670177341 0.004436334554064612
205.0 45.0 0.3051870610391633 0.001125903473591034
215.0 45.0 0.26728731623647495 0.0045688451322662875
225.0 45.0 0.32431939555008293 0.0005154534953014479
235.0 45.0 0.4246749920293348 3.393773683712513e-06
245.0 45.0 0.09755482390423018 0.308392392432497
255.0 45.0 0.03961535218594395 0.679745042803898
265.0 45.0 0.13197009503763954 0.16737157230802646
275.0 45.0 0.08502134968514963 0.3749586368121619
285.0 45.0 0.23591664605806673 0.012677924776232752
295.0 45.0 0.2804308399301204 0.002871804146280722
305.0 45.0 0.06985850024129973 0.466268329393108
315.0 45.0 0.23989643251648596 0.01121261252691096
325.0 45.0 0.10163225492682934 0.28851165991435784
335.0 45.0 0.14122299506144556 0.13928625212813514
345.0 45.0 0.1871250956837844 0.049232163714254686
355.0 45.0 -0.08822969006813554 0.35713801225691677
5.0 55.0 0.20165847803238443 0.033803404885682196
15.0 55.0 0.26281008092677105 0.005324854588681059
25.0 55.0 0.23816609028651936 0.011830412645813979
35.0 55.0 0.24054964689955952 0.010986843596795423
45.0 55.0 0.1803651285944318 0.058182508660945056
55.0 55.0 0.12703531810800464 0.18396702839990436
65.0 55.0 0.05123815247704734 0.5932947822092788
75.0 55.0 -0.0016936368924824518 0.9859247756361381
85.0 55.0 0.056334922691465776 0.5570202479153619
95.0 55.0 0.0688212018998973 0.47292991198821943
105.0 55.0 -0.043663016668574084 0.6490890154462863
115.0 55.0 -0.0033075840888627805 0.9725157806279292
125.0 55.0 0.2139244149591203 0.02416559456004021
135.0 55.0 0.33441959303871355 0.0003341135446420453
145.0 55.0 0.12229123948640117 0.20102444262019054
155.0 55.0 0.2259032828782472 0.017125563822240123
165.0 55.0 0.3995972114286571 1.3940817330735197e-05
175.0 55.0 0.4034571086853459 1.1298703577348854e-05
185.0 55.0 0.4179239877565838 5.020473007111456e-06
195.0 55.0 0.4834249247072281 7.684882605946967e-08
205.0 55.0 0.3990816758955908 1.4334793166460978e-05
215.0 55.0 0.5131585768559023 8.471526125605411e-09
225.0 55.0 0.5371360473710932 1.2189981841670272e-09
235.0 55.0 0.386428387067038 2.800430373930633e-05
245.0 55.0 -0.0768685398740542 0.4226223327762043
255.0 55.0 -0.05561769613359615 0.5620598480446497
265.0 55.0 0.22879371290835915 0.015720784492386782
275.0 55.0 0.47820240140509995 1.1082709739915572e-07
285.0 55.0 0.42766238610910773 2.846101777903987e-06
295.0 55.0 0.27628280870688343 0.003333039749256529
305.0 55.0 0.2699088082653837 0.004172113755273668
315.0 55.0 0.048834549926233546 0.610763752774976
325.0 55.0 0.05055533967600282 0.5982343733080231
335.0 55.0 0.12347715212959992 0.19665748903405839
345.0 55.0 0.14517856401831056 0.1284348091041004
355.0 55.0 0.19293722939250457 0.04247728856693449
